001 010	Failure
001 020	Failure
001 030	Failure
001 040	Failure
001 050	Failure
001 060	Failure
001 070	Failure
001 080	Failure
001 090	Failure
001 100	Failure
001 110	Failure
001 120	Failure
001 130	Success : [([(-0.441123, 1.27672, -6.0), (-1.06124, 0.9375, -5.30058), (-0.597827, 0.820794, -5.54162), (-0.634642, 1.44125, -5.31856)], 0.28898276747411217), ([(-0.670158, 5.0, -4.6875), (-0.335079, 5.0, -4.84375), (-0.335079, 4.57815, -4.84375), (-0.648061, 5.0, -5.08896)], 133.9652132610007), ([(0.670158, -4.375, -4.6875), (0.0, -4.375, -5.0), (0.670158, -3.75, -4.6875), (0.565708, -4.21308, -5.33833)], 0.041532882178197075), ([(-0.670158, 5.0, -4.6875), (-0.335079, 5.0, -4.84375), (-0.335079, 4.57815, -4.84375), (-0.648061, 5.0, -5.08896)], 0.051784575413707894)]
001 140	Success : [([(-0.657605, 3.52307, -6.0), (-1.22207, 3.81921, -6.0), (-0.775285, 3.111, -5.41099), (-0.967151, 4.0625, -5.34114)], 0.15923537987036676), ([(0.0, 4.375, -5.0), (0.0, 5.0, -5.0), (0.429293, 5.0, -4.84375), (0.314032, 5.0, -5.45362)], 67.95502211426849), ([(0.0, -5.0, -5.0), (0.0, -4.375, -5.0), (0.429293, -5.0, -4.84375), (0.195312, -5.0, -5.5)], 0.03857519875863635), ([(0.0, 5.0, -5.0), (0.0, 4.375, -5.0), (-0.429293, 5.0, -4.84375), (-0.314032, 5.0, -5.45362)], 0.04256391666320077)]
001 150	Success : [([(-1.53905, 3.04454, -6.0), (-1.92649, 3.4375, -5.19215), (-2.3591, 2.49009, -6.0), (-2.53683, 2.8125, -5.16524)], 0.14034805573398695), ([(0.583133, -3.47563, -4.84375), (0.0, -3.75, -5.0), (0.860011, -3.66153, -5.42772), (0.37441, -4.07318, -5.44286)], 66.55713800160459), ([(-1.5625, -5.0, -6.0), (-0.78125, -5.0, -6.0), (-1.43996, -4.21551, -6.0), (-1.17188, -5.0, -5.40187)], 0.02939190966386286), ([(0.0, 5.0, -5.0), (0.0, 4.375, -5.0), (-0.583133, 5.0, -4.84375), (-0.428741, 5.0, -5.43382)], 0.03458737969645124)]
001 160	Success : [([(4.90769, 0.9375, -5.06285), (4.87755, -0.3125, -5.07165), (5.19458, 0.3125, -4.74277), (4.04017, 0.3125, -4.90742)], 0.06414660629484853), ([(-0.886138, -1.83807, -4.84375), (0.0, -2.5, -5.0), (-0.543929, -2.8125, -4.90409), (-0.44442, -2.51171, -5.45912)], 7.330711435196126), ([(25.0, 5.0, -0.591826), (25.0, 4.93365, -0.591826), (24.9059, 5.0, -0.608413), (25.0, 5.0, -0.676328)], 0.05554666645998389), ([(25.0, -5.0, -0.591826), (24.8119, -5.0, -0.625), (25.0, -4.72067, -0.591826), (25.0, -4.75815, -0.845274)], 0.042028208464758854)]
002 010	Failure
002 020	Failure
002 030	Failure
002 040	Failure
002 050	Failure
002 060	Failure
002 070	Failure
002 080	Failure
002 090	Failure
002 100	Failure
002 110	Failure
002 120	Success : [([(0.0, -2.5, -5.0), (0.0, -3.125, -5.0), (-0.541266, -3.125, -4.6875), (-0.584553, -2.8125, -5.38748)], 0.34798863193645607), ([(0.0, -4.375, -5.0), (0.541266, -4.375, -4.6875), (0.0, -5.0, -5.0), (0.750005, -4.47466, -5.21289)], 26.898589383971178), ([(0.0, -5.0, -5.0), (0.541266, -5.0, -4.6875), (0.560293, -5.0, -5.34546), (0.750005, -4.47466, -5.21289)], 0.042425669258127206), ([(-0.541266, 4.375, -4.6875), (0.0, 4.375, -5.0), (-0.541266, 3.75, -4.6875), (-0.455643, 4.34498, -5.27009)], 0.043670678139592696)]
002 130	Success : [([(-2.34375, 3.40514, -7.0), (-2.73438, 4.20257, -7.0), (-2.30465, 4.11769, -6.05037), (-1.69769, 4.07745, -7.0)], 0.15846569692895685), ([(0.0, 1.25, -5.0), (-0.670158, 0.625, -4.6875), (-0.670158, 1.25, -4.6875), (-0.476554, 0.9375, -5.33225)], 23.985088922503923), ([(-1.34032, -5.0, -4.375), (-0.670158, -4.375, -4.6875), (-0.670158, -5.0, -4.6875), (-1.25027, -5.0, -5.05672)], 0.031076075635733034), ([(-0.670158, 5.0, -4.6875), (0.0, 5.0, -5.0), (-0.670158, 4.375, -4.6875), (-0.574212, 5.0, -5.35657)], 0.039668588483503006)]
002 140	Success : [([(-0.858587, 0.625, -4.6875), (-0.739043, 0.9375, -5.85826), (-0.879629, 0.3125, -5.40625), (-0.987931, 1.5625, -5.41731)], 0.11094563709228543), ([(0.0, -4.375, -5.0), (0.0, -5.0, -5.0), (-0.858587, -5.0, -4.6875), (-0.601991, -5.0, -5.31823)], 13.106511583979914), ([(0.0, -4.375, -5.0), (0.0, -5.0, -5.0), (-0.858587, -5.0, -4.6875), (-0.601991, -5.0, -5.31823)], 0.032980126547402754), ([(0.0, 5.0, -5.0), (0.0, 4.375, -5.0), (-0.429293, 5.0, -4.84375), (-0.417442, 5.0, -5.47905)], 0.029991626460363286)]
002 150	Success : [([(-10.945, -3.20459, -7.0), (-9.31669, -2.44808, -7.0), (-10.5131, -2.00349, -7.0), (-9.58124, -3.09064, -6.18057)], 0.10125749022168583), ([(0.0, -0.625, -5.0), (0.0, 0.0, -5.0), (0.583133, -0.3125, -4.84375), (0.0894745, -0.9375, -5.69945)], 8.070169090154797), ([(0.0, -5.0, -5.0), (0.0, -4.375, -5.0), (-0.873614, -5.0, -5.92784), (-0.583133, -5.0, -4.84375)], 0.02234331516883289), ([(0.0, 5.0, -5.0), (0.0, 4.375, -5.0), (-0.583133, 5.0, -4.84375), (-0.0406447, 5.0, -5.83693)], 0.024991038853684394)]
002 160	Success : [([(-7.50246, -1.65537, -7.0), (-7.02619, -3.27781, -7.0), (-6.71802, -2.30622, -7.0), (-7.38746, -2.31492, -5.90068)], 0.07322597408677266), ([(0.474319, 1.5625, -4.91636), (0.0, 1.875, -5.0), (0.59329, 2.21703, -4.89539), (0.126743, 1.5625, -5.56518)], 3.37048381688399), ([(25.0, 4.93365, -0.591826), (25.0, 5.0, -0.591826), (25.0, 5.0, -0.691953), (24.9059, 5.0, -0.608413)], 0.059894732192301355), ([(25.0, -5.0, -2.19387), (25.0, -5.0, -1.39285), (25.0, -4.58036, -1.70264), (24.6241, -5.0, -1.57988)], 0.03755020094330122)]
003 010	Failure
003 020	Failure
003 030	Failure
003 040	Failure
003 050	Failure
003 060	Failure
003 070	Failure
003 080	Failure
003 090	Failure
003 100	Failure
003 110	Success : [([(-0.892593, 1.25, -4.375), (-0.446296, 1.875, -4.6875), (-0.446296, 1.25, -4.6875), (-1.25099, 1.28922, -5.36179)], 2.0798736151667963), ([(0.0, -4.375, -5.0), (0.446296, -4.375, -4.6875), (0.596324, -5.0, -5.21836), (0.795409, -4.56613, -5.01837)], 56.42994750667563), ([(0.0, -5.0, -5.0), (0.446296, -4.375, -4.6875), (0.446296, -5.0, -4.6875), (0.596324, -5.0, -5.21836)], 0.03801304935848741), ([(-0.446296, 5.0, -4.6875), (0.0, 5.0, -5.0), (-0.446296, 4.375, -4.6875), (-0.477724, 5.0, -5.20732)], 0.03576957361916269)]
003 120	Success : [([(0.0, -1.875, -5.0), (0.0, -2.5, -5.0), (-0.541266, -2.5, -4.6875), (-0.206503, -2.1875, -5.69748)], 0.3213053518094979), ([(0.0, 4.375, -5.0), (0.0, 5.0, -5.0), (-0.359751, 4.65435, -5.29219), (-0.270633, 4.60938, -4.84375)], 27.667387749643463), ([(0.0, -4.375, -5.0), (0.0, -5.0, -5.0), (-0.541266, -5.0, -4.6875), (-0.591789, -5.0, -5.64297)], 0.032550602244624825), ([(0.0, 4.375, -5.0), (0.0, 5.0, -5.0), (-0.359751, 4.65435, -5.29219), (-0.270633, 4.60938, -4.84375)], 0.0439985652454228)]
003 130	Success : [([(25.0, 0.0, 0.0), (25.0, -1.25, 0.0), (23.4291, -1.47531, 0.0), (23.5741, 0.109941, -1.45762)], 0.11627352707067067), ([(0.0, 5.0, -5.0), (0.26549, 5.0, -5.1974), (0.335079, 4.57815, -4.84375), (0.427418, 4.62477, -5.24158)], 33.449943149661785), ([(0.0, -5.0, -5.0), (0.0, -4.375, -5.0), (0.335079, -5.0, -4.84375), (0.242827, -5.0, -5.39499)], 0.03508459265906047), ([(0.0, 5.0, -5.0), (0.26549, 5.0, -5.1974), (0.335079, 4.57815, -4.84375), (0.427418, 4.62477, -5.24158)], 0.04397523409921771)]
003 140	Success : [([(-4.54106, 3.72193, -8.0), (-4.64438, 4.1448, -7.16531), (-4.93949, 2.83827, -8.0), (-4.99747, 2.34655, -6.92402)], 0.12320025933350952), ([(-0.858587, 1.25, -4.6875), (0.0, 1.875, -5.0), (0.0, 1.25, -5.0), (-0.647669, 1.5625, -5.44373)], 8.418562112693538), ([(0.0, -4.375, -5.0), (0.0, -5.0, -5.0), (-0.858587, -5.0, -4.6875), (-0.580958, -5.0, -5.45545)], 0.026146720891645856), ([(0.858587, 5.0, -4.6875), (0.0, 4.375, -5.0), (0.0, 5.0, -5.0), (0.682312, 5.0, -5.64127)], 0.02592470775092724)]
003 150	Success : [([(-4.86099, 1.32479, -8.0), (-3.8379, 2.32757, -8.0), (-3.83435, 1.95812, -6.83622), (-4.29734, 1.03961, -7.10158)], 0.12712174232809273), ([(0.321799, -4.59949, -4.91377), (0.0, -4.375, -5.0), (0.424344, -4.23276, -5.27751), (0.483822, -4.71135, -5.18426)], 11.816053166597507), ([(0.0, -5.0, -5.0), (0.291567, -5.0, -4.92188), (0.39821, -5.0, -5.33014), (0.483822, -4.71135, -5.18426)], 0.026320128989680124), ([(25.0, -5.0, -4.0), (25.0, -3.23196, -3.54242), (23.3767, -5.0, -4.15769), (23.4449, -3.25735, -3.25669)], 0.026040311314120265)]
003 160	Success : [([(14.3823, 0.117941, -8.0), (16.4062, 0.0, -8.0), (15.0973, 0.481522, -6.59794), (15.3318, -1.01348, -8.0)], 0.11406080370828535), ([(0.0, 2.5, -5.0), (0.0, 3.125, -5.0), (0.886138, 2.53693, -4.84375), (0.535118, 2.72744, -5.49331)], 2.1855487753914726), ([(25.0, 4.93365, -0.591826), (25.0, 5.0, -0.591826), (25.0, 5.0, -0.707578), (24.9059, 5.0, -0.608413)], 0.06244024995024084), ([(25.0, -5.0, -0.823331), (25.0, -5.0, -1.05484), (24.6794, -5.0, -0.939084), (25.0, -4.70754, -0.891934)], 0.03560364308235745)]
004 010	Failure
004 020	Failure
004 030	Failure
004 040	Failure
004 050	Failure
004 060	Failure
004 070	Failure
004 080	Failure
004 090	Failure
004 100	Failure
004 110	Failure
004 120	Failure
004 130	Success : [([(25.0, 2.5, 0.0), (23.4791, 1.45417, 0.0), (23.6025, 3.125, 0.0), (23.1701, 2.31242, -1.68554)], 0.1496672279317523), ([(0.0, 5.0, -5.0), (0.0, 4.375, -5.0), (-0.335079, 4.57815, -4.84375), (-0.434242, 4.74588, -5.10682)], 49.959987973364846), ([(0.0, -5.0, -5.0), (-0.670158, -5.0, -4.6875), (0.0, -4.375, -5.0), (-0.511964, -5.0, -5.30828)], 0.032102275941449564), ([(0.0, 5.0, -5.0), (-0.335079, 5.0, -4.84375), (-0.303772, 5.0, -5.27123), (-0.434242, 4.74588, -5.10682)], 0.040216051854919825)]
004 140	Success : [([(7.48249, -0.852876, -6.58422), (8.61085, -1.90522, -6.27661), (9.48672, -0.640995, -5.86716), (8.15782, -0.0136242, -5.84623)], 0.1466010233075472), ([(0.0, 5.0, -5.0), (-0.214647, 5.0, -4.92188), (-0.254925, 5.0, -5.11252), (0.0, 4.84375, -5.0)], 108.20716386710606), ([(0.461068, -4.69154, -5.17178), (0.0, -4.375, -5.0), (0.0, -4.6875, -5.0), (0.25838, -4.77571, -4.90596)], 0.03297858464959041), ([(0.0, 4.375, -5.0), (-0.288008, 4.44812, -4.89517), (0.0, 4.53125, -5.0), (-0.10164, 4.45312, -5.1633)], 0.036668449154411864)]
004 150	Success : [([(-6.36904, -3.099, -9.0), (-8.09946, -2.30302, -9.0), (-6.68762, -3.6014, -7.68748), (-7.75046, -2.49915, -7.51163)], 0.0994694463939405), ([(0.0, -4.375, -5.0), (0.0, -4.6875, -5.0), (0.288861, -4.40259, -5.24336), (0.212441, -4.4372, -4.94308)], 12.835169172062429), ([(0.0, -4.375, -5.0), (0.0, -4.6875, -5.0), (0.288861, -4.40259, -5.24336), (0.212441, -4.4372, -4.94308)], 0.025128605677226166), ([(-0.258187, 4.73018, -4.93082), (-0.419027, 4.51678, -4.88772), (-0.45007, 4.83172, -4.8794), (-0.384418, 4.80962, -5.07477)], 0.02368014968954774)]
004 160	Success : [([(-5.49245, 2.10886, -9.0), (-5.79059, 2.15394, -7.43556), (-6.33604, 2.60518, -9.0), (-5.49557, 1.55937, -8.17349)], 0.09565947351880576), ([(0.0, -2.5, -5.0), (0.0, -3.125, -5.0), (-0.431183, -2.8125, -4.92397), (-0.431307, -2.49521, -5.52344)], 2.2041753940504614), ([(25.0, 4.90084, -0.808771), (25.0, 4.93362, -0.746518), (25.0, 5.0, -0.788892), (24.9102, 5.0, -0.809548)], 0.05117270363951476), ([(25.0, -4.75124, -1.71947), (25.0, -4.50229, -1.79543), (24.6364, -4.63082, -1.77072), (24.7652, -4.80344, -1.63837)], 0.04204895644219485)]
005 010	Failure
005 020	Failure
005 030	Failure
005 040	Failure
005 050	Failure
005 060	Failure
005 070	Failure
005 080	Failure
005 090	Failure
005 100	Failure
005 110	Success : [([(0.0, -1.25, -5.0), (-0.446296, -1.25, -4.6875), (-0.27164, -0.9375, -5.63453), (-0.564619, -1.49522, -5.33142)], 0.4236484415146567), ([(0.446296, 4.375, -4.6875), (0.0, 4.375, -5.0), (0.446296, 5.0, -4.6875), (0.503478, 4.28446, -5.2441)], 20.837299694865276), ([(-0.446296, -5.0, -4.6875), (0.0, -4.375, -5.0), (0.0, -5.0, -5.0), (-0.550599, -5.0, -5.3114)], 0.035489419633047636), ([(0.0, 3.75, -5.0), (0.0, 4.375, -5.0), (0.446296, 4.375, -4.6875), (0.503478, 4.28446, -5.2441)], 0.03822742799022121)]
005 120	Failure
005 130	Success : [([(25.0, -1.06288, -7.48684), (23.4695, -1.38939, -10.0), (25.0, 0.271351, -8.4039), (25.0, -1.78733, -8.69645)], 0.2044383850437723), ([(1.07965, 4.0625, -5.33058), (0.670158, 3.75, -4.6875), (0.335079, 4.0625, -4.84375), (0.922527, 3.4375, -5.2065)], 11.69809781581296), ([(23.9025, 5.0, -4.375), (25.0, 5.0, -5.0), (25.0, 3.71188, -5.35328), (23.5054, 3.64592, -4.99037)], 0.034035432096562644), ([(0.670158, 5.0, -4.6875), (0.0, 5.0, -5.0), (0.443025, 5.0, -5.39024), (0.57267, 4.40741, -5.29317)], 0.02885311198871276)]
005 140	Success : [([(25.0, 2.5, 0.0), (25.0, 1.39234, -1.53671), (23.4116, 3.125, 0.0), (25.0, 3.31439, -1.68561)], 0.12413082954049852), ([(-0.381408, -0.221842, -5.5011), (0.0, -0.625, -5.0), (-0.429293, -0.9375, -4.84375), (-0.648636, -0.816999, -5.42706)], 7.603130758678085), ([(-0.858587, -5.0, -4.6875), (0.0, -4.375, -5.0), (0.0, -5.0, -5.0), (-1.05557, -5.0, -5.33708)], 0.02668054822091743), ([(25.0, -5.0, -3.75), (25.0, -5.0, -2.5), (25.0, -4.01663, -2.38373), (23.9085, -5.0, -2.65741)], 0.024644613052995982)]
005 150	Success : [([(-16.8907, 2.74214, -10.0), (-15.0149, 1.45076, -10.0), (-14.2638, 2.78904, -7.84626), (-17.5177, 3.2243, -8.20567)], 0.11569435651245051), ([(0.0, 1.875, -5.0), (-0.00661645, 1.5625, -5.8027), (0.525941, 1.5625, -4.85907), (0.434099, 1.11624, -5.51786)], 4.271080843503751), ([(22.8836, 5.0, -2.08931), (25.0, 5.0, -2.5), (25.0, 3.31439, -1.68561), (23.5663, 5.0, -3.39821)], 0.0260930241803944), ([(23.4095, -5.0, -1.875), (25.0, -5.0, -2.5), (23.3041, -4.09504, -2.26435), (25.0, -3.83427, -2.50252)], 0.025441169062220294)]
005 160	Success : [([(12.4059, -3.125, -2.8125), (12.4059, -3.75, -2.8125), (12.9348, -3.4375, -3.90568), (12.9075, -4.0625, -3.37839)], 0.09370371295821762), ([(0.0, -0.625, -5.0), (-0.886138, 0.3125, -4.84375), (0.0, 0.0, -5.0), (-0.486274, 0.3125, -5.4794)], 1.92973582422296), ([(25.0, 5.0, -1.17984), (25.0, 5.0, -0.885831), (24.682, 5.0, -0.916958), (25.0, 4.83699, -1.03283)], 0.04141364580254677), ([(25.0, -5.0, -1.47384), (24.8391, -5.0, -1.41165), (25.0, -5.0, -1.32684), (25.0, -4.8461, -1.35603)], 0.05642634492883178)]
006 010	Failure
006 020	Failure
006 030	Failure
006 040	Failure
006 050	Failure
006 060	Failure
006 070	Failure
006 080	Failure
006 090	Failure
006 100	Success : [([(-0.372423, 0.0, -4.6875), (0.0, 0.0, -5.0), (-0.510025, -0.3125, -5.22966), (-0.34844, 0.324299, -5.59335)], 0.28722303350419653), ([(0.372423, -4.375, -4.6875), (0.0, -4.375, -5.0), (0.633809, -4.0625, -5.37718), (0.900282, -4.34366, -4.93841)], 14.344941440379463), ([(0.0, -5.0, -5.0), (-0.372423, -5.0, -4.6875), (0.0, -4.375, -5.0), (-0.477785, -5.0, -5.32742)], 0.033330330408672705), ([(-0.372423, 4.375, -4.6875), (-0.372423, 5.0, -4.6875), (0.0, 5.0, -5.0), (-0.703676, 5.0, -5.18115)], 0.03556335202785586)]
006 110	Success : [([(0.0, 0.0, -5.0), (0.446296, 0.0, -4.6875), (0.576559, -0.783114, -5.34847), (1.0074, -0.3125, -5.01391)], 0.1715814753054207), ([(0.446296, -4.375, -4.6875), (0.446296, -5.0, -4.6875), (0.0, -5.0, -5.0), (0.54122, -5.0, -5.298)], 15.464418013677752), ([(0.0, -5.0, -5.0), (-0.446296, -5.0, -4.6875), (0.0, -4.375, -5.0), (-0.49652, -5.0, -5.53304)], 0.0335457215463946), ([(-0.446296, 4.375, -4.6875), (-0.446296, 5.0, -4.6875), (0.0, 5.0, -5.0), (-0.499529, 5.0, -5.3418)], 0.0333080143495811)]
006 120	Success : [([(0.0, -0.625, -5.0), (-0.270633, -0.234375, -4.84375), (0.0, -0.3125, -5.0), (-0.344977, -0.376163, -5.23365)], 1.0038894872533282), ([(0.0, -0.625, -5.0), (-0.270633, -0.234375, -4.84375), (0.0, -0.3125, -5.0), (-0.344977, -0.376163, -5.23365)], 21.81986872918404), ([(0.0, -5.0, -5.0), (-0.541266, -5.0, -4.6875), (0.0, -4.375, -5.0), (-0.529543, -5.0, -5.60013)], 0.035250470503366334), ([(-0.541266, 4.375, -4.6875), (-0.541266, 5.0, -4.6875), (0.0, 5.0, -5.0), (-0.766841, 5.0, -5.43803)], 0.028650259710798435)]
006 130	Failure
006 140	Success : [([(25.0, -5.0, -1.375), (23.5922, -5.0, 0.0), (25.0, -3.75, 0.0), (25.0, -3.38726, -1.58545)], 0.13616218904939872), ([(0.0, 2.5, -5.0), (0.0, 3.125, -5.0), (0.429293, 2.8125, -4.84375), (0.89453, 2.7277, -5.31121)], 8.607541897601749), ([(25.0, 3.26937, -6.91344), (25.0, 1.76659, -7.77263), (22.7916, 2.83604, -7.89934), (23.8068, 1.93052, -8.60171)], 0.024437290491437367), ([(-19.3986, 5.0, -8.556), (-17.7309, 5.0, -9.26943), (-18.6162, 2.94903, -9.03305), (-19.5312, 5.0, -9.89927)], 0.024883315862820613)]
006 150	Failure
006 160	Success : [([(-25.0, -5.0, -0.591826), (-25.0, -4.93365, -0.591826), (-24.9059, -5.0, -0.608413), (-25.0, -5.0, -0.673139)], 0.13225351808616775), ([(-25.0, -5.0, -0.591826), (-25.0, -4.93365, -0.591826), (-24.9059, -5.0, -0.608413), (-25.0, -5.0, -0.673139)], 1.8314983207873818), ([(25.0, 5.0, -0.591826), (25.0, 4.93365, -0.591826), (24.9059, 5.0, -0.608413), (25.0, 5.0, -0.673139)], 0.04589934198118639), ([(25.0, -5.0, -0.917081), (24.8575, -5.0, -0.760177), (25.0, -4.85232, -0.935692), (24.8579, -5.0, -0.993126)], 0.05760208245449258)]
007 010	Failure
007 020	Failure
007 030	Failure
007 040	Failure
007 050	Success : [([(0.145721, 5.0, -4.6875), (0.0, 5.0, -5.0), (0.358812, 5.0, -5.21568), (0.414691, 4.62474, -4.90966)], 1.3107037026307662), ([(0.0, -5.0, -5.0), (0.145721, -5.0, -4.6875), (0.408298, -5.0, -5.00017), (0.218582, -4.70108, -4.53125)], 30.77123092603069), ([(-0.145721, -5.0, -4.6875), (0.0, -5.0, -5.0), (-0.445734, -5.0, -4.99429), (-0.393531, -4.56575, -4.99328)], 0.04334001289717736), ([(0.145721, 5.0, -4.6875), (0.0, 5.0, -5.0), (0.358812, 5.0, -5.21568), (0.414691, 4.62474, -4.90966)], 0.049500923491756194)]
007 060	Failure
007 070	Success : [([(0.218815, 3.75, -4.6875), (0.0, 3.75, -5.0), (0.668107, 3.80553, -4.76924), (0.202422, 3.59375, -5.34723)], 1.7771500299642682), ([(0.0, 5.0, -5.0), (0.218815, 5.0, -4.6875), (0.0, 4.375, -5.0), (0.441227, 5.0, -5.12836)], 22.59998580264744), ([(0.0, -5.0, -5.0), (-0.218815, -5.0, -4.6875), (0.0, -4.375, -5.0), (-0.336206, -5.0, -5.23119)], 0.04780378154212802), ([(0.0, 5.0, -5.0), (0.218815, 5.0, -4.6875), (0.0, 4.375, -5.0), (0.441227, 5.0, -5.12836)], 0.0551785247782568)]
007 080	Failure
007 090	Success : [([(0.3125, 3.125, -4.6875), (0.0, 3.125, -5.0), (0.506494, 3.13359, -5.19399), (0.180575, 2.8125, -5.30076)], 0.6618203314588937), ([(0.3125, -3.75, -4.6875), (0.0, -3.75, -5.0), (0.0, -3.4375, -5.0), (0.405858, -3.28125, -5.09336)], 22.644967328516177), ([(0.0, -3.75, -5.0), (0.0, -3.4375, -5.0), (-0.0628924, -3.59375, -5.37858), (-0.15625, -3.59375, -4.84375)], 0.05277816361305613), ([(0.3125, 5.0, -4.6875), (0.0, 5.0, -5.0), (0.461538, 5.0, -5.282), (0.516787, 4.44773, -5.20429)], 0.0431062451783393)]
007 100	Success : [([(-0.372423, 3.125, -4.6875), (0.0, 3.125, -5.0), (-0.607356, 2.8125, -5.34565), (-0.322492, 3.4375, -5.56356)], 0.22496690375285605), ([(0.372423, -3.75, -4.6875), (0.744846, -3.75, -4.375), (0.920376, -4.39269, -4.96236), (0.474812, -4.0625, -5.18769)], 30.575327527266467), ([(0.0, -5.0, -5.0), (-0.372423, -5.0, -4.6875), (0.0, -4.375, -5.0), (-0.557442, -5.0, -5.28617)], 0.03961354382430837), ([(0.744846, 5.0, -4.375), (0.372423, 4.375, -4.6875), (0.372423, 5.0, -4.6875), (0.868678, 5.0, -4.90074)], 0.03229218495964464)]
007 110	Success : [([(0.0, 2.8125, -5.0), (0.272023, 2.65625, -5.34867), (0.223148, 2.96875, -4.84375), (0.589407, 2.65571, -5.06044)], 0.26628522494293594), ([(0.223148, 2.96875, -4.84375), (0.446296, 3.125, -4.6875), (0.444842, 2.8125, -4.68852), (0.589407, 2.65571, -5.06044)], 20.208574840799113), ([(-0.446296, -5.0, -4.6875), (0.0, -5.0, -5.0), (-0.658205, -5.0, -5.58799), (-0.54638, -4.42519, -5.30537)], 0.03680300055752741), ([(0.0, 3.75, -5.0), (-0.446296, 3.75, -4.6875), (-0.608183, 3.92471, -5.39364), (-0.474715, 2.96875, -5.20303)], 0.031147840968070325)]
007 120	Success : [([(0.0, 0.0, -5.0), (-0.541266, 0.0, -4.6875), (-0.618894, 0.3125, -5.44695), (-0.248504, -0.3125, -5.6356)], 0.21962564403926058), ([(0.0, 0.0, -5.0), (0.541266, 0.0, -4.6875), (1.14138, -0.3125, -5.10193), (0.781204, 0.3125, -5.33523)], 10.193523285052033), ([(0.0, -5.0, -5.0), (-0.541266, -5.0, -4.6875), (0.0, -4.375, -5.0), (-1.04217, -5.0, -5.40381)], 0.03172728947900687), ([(0.0, 5.0, -5.0), (-0.541266, 4.375, -4.6875), (-0.541266, 5.0, -4.6875), (-0.582329, 5.0, -5.38362)], 0.03122447311393304)]
007 130	Success : [([(23.1766, 5.0, -1.85772), (25.0, 5.0, -3.0), (23.0295, 2.67615, -1.94197), (25.0, 3.37589, -3.96415)], 0.1395286590934744), ([(0.0, 2.5, -5.0), (0.670158, 2.5, -4.6875), (0.773979, 2.1875, -5.36706), (0.715931, 2.8125, -5.24378)], 8.649138161903936), ([(0.0, -5.0, -5.0), (-0.670158, -5.0, -4.6875), (0.0, -4.375, -5.0), (-0.720747, -5.0, -5.67082)], 0.03279273001390929), ([(0.0, 5.0, -5.0), (0.670158, 5.0, -4.6875), (0.0, 4.375, -5.0), (0.640323, 5.0, -5.49835)], 0.02714805611628634)]
007 140	Success : [([(-25.0, -5.0, -9.0), (-25.0, -5.0, -10.5), (-25.0, -3.06332, -10.1055), (-22.6562, -5.0, -10.0555)], 0.12018123223130267), ([(0.0, -4.375, -5.0), (0.0, -5.0, -5.0), (-0.429293, -5.0, -4.84375), (-0.404932, -5.0, -5.44468)], 7.706667244191818), ([(0.0, -4.375, -5.0), (0.0, -5.0, -5.0), (-0.429293, -5.0, -4.84375), (-0.404932, -5.0, -5.44468)], 0.02732332359432044), ([(25.0, -3.75, -12.0), (25.0, -5.0, -12.0), (25.0, -5.0, -10.5), (23.4375, -5.0, -12.0)], 0.02289247618449728)]
007 150	Success : [([(25.0, 5.0, -10.5), (23.4375, 5.0, -12.0), (25.0, 3.09736, -10.1623), (23.3131, 2.30701, -10.2874)], 0.11815451441542638), ([(0.0, -1.875, -5.0), (0.0, -2.5, -5.0), (-0.583133, -2.22563, -4.84375), (-0.410063, -2.0497, -5.36274)], 5.1799344874920825), ([(-14.0625, -5.0, -12.0), (-12.5, -5.0, -12.0), (-13.1585, -3.38503, -12.0), (-13.9717, -5.0, -10.2502)], 0.021467479862408347), ([(25.0, -3.75, -12.0), (25.0, -5.0, -12.0), (25.0, -5.0, -10.5), (23.4375, -5.0, -12.0)], 0.023092183626483485)]
007 160	Success : [([(-24.8119, 5.0, -0.625), (-25.0, 5.0, -0.591826), (-25.0, 5.0, -0.770078), (-25.0, 4.84285, -0.727779)], 0.27700803422826925), ([(-25.0, -4.93365, -0.591826), (-25.0, -5.0, -0.591826), (-25.0, -5.0, -0.680952), (-24.9059, -5.0, -0.608413)], 2.094174961360679), ([(25.0, 4.93365, -0.591826), (25.0, 5.0, -0.591826), (25.0, 5.0, -0.680952), (24.9059, 5.0, -0.608413)], 0.04524658758772423), ([(25.0, -5.0, -1.30484), (25.0, -4.7129, -1.20231), (24.7726, -5.0, -1.30754), (24.7577, -4.77364, -1.13846)], 0.060560353305848545)]
008 010	Failure
008 020	Failure
008 030	Failure
008 040	Failure
008 050	Failure
008 060	Failure
008 070	Success : [([(-0.218815, 1.25, -4.6875), (0.0, 1.25, -5.0), (-0.218815, 0.625, -4.6875), (-0.676401, 0.9375, -4.77505)], 0.35112416275804775), ([(0.218815, 4.375, -4.6875), (0.418688, 5.0, -5.06031), (0.697979, 4.5099, -4.79016), (0.0, 4.6875, -5.0)], 301.57211601694746), ([(-0.218815, -5.0, -4.6875), (0.0, -4.375, -5.0), (0.0, -5.0, -5.0), (-0.400348, -5.0, -5.04747)], 0.04511915549291121), ([(0.0, 5.0, -5.0), (-0.218815, 5.0, -4.6875), (-0.46928, 5.0, -5.09574), (0.0, 4.6875, -5.0)], 0.046175628798306584)]
008 080	Success : [([(0.0, -1.875, -5.0), (-0.262219, -1.875, -4.6875), (-0.529803, -1.5625, -5.17829), (-0.202165, -2.03125, -5.34491)], 2.2373129424639617), ([(0.0, -5.0, -5.0), (0.0, -4.6875, -5.0), (0.196664, -4.71062, -4.76562), (0.355509, -4.65427, -5.09419)], 37.30048994860237), ([(0.0, -4.6875, -5.0), (0.0, -4.375, -5.0), (0.196664, -4.71062, -4.76562), (0.355509, -4.65427, -5.09419)], 0.04413373466395859), ([(0.0, 4.375, -5.0), (0.262219, 4.375, -4.6875), (0.536657, 4.08144, -5.18405), (0.41873, 4.53125, -5.13682)], 0.04431497903868623)]
008 090	Success : [([(-0.3125, 0.0, -4.6875), (0.0, 0.0, -5.0), (-0.514928, -0.100233, -5.20243), (-0.734615, 0.187767, -4.86512)], 0.28185323769514714), ([(0.3125, 5.0, -4.6875), (0.0, 4.375, -5.0), (0.0, 5.0, -5.0), (0.725337, 5.0, -5.02033)], 22.323346613290717), ([(0.3125, -5.0, -4.6875), (0.0, -5.0, -5.0), (0.3125, -4.375, -4.6875), (0.841076, -5.0, -5.14273)], 0.03536267107237235), ([(0.0, 5.0, -5.0), (-0.3125, 5.0, -4.6875), (-0.494479, 5.0, -5.47163), (-0.801909, 4.53472, -5.03533)], 0.037026654970290625)]
008 100	Success : [([(-0.372423, 0.0, -4.6875), (0.0, 0.0, -5.0), (-0.978383, -0.428507, -5.03149), (-0.644556, 0.167981, -5.38998)], 0.3066540829665222), ([(-0.372423, -5.0, -4.6875), (-0.372423, -4.375, -4.6875), (0.0, -4.375, -5.0), (-0.529178, -4.42604, -5.25248)], 14.80971713714485), ([(-0.372423, -5.0, -4.6875), (0.0, -5.0, -5.0), (-0.612861, -5.0, -5.35221), (-0.529178, -4.42604, -5.25248)], 0.03707726294366809), ([(0.0, 3.75, -5.0), (-0.372423, 3.125, -4.6875), (-0.372423, 3.75, -4.6875), (-0.546529, 3.76965, -5.27316)], 0.03348199014986116)]
008 110	Success : [([(22.1638, 5.0, -6.86313), (21.6751, 5.0, -9.6804), (23.344, 5.0, -9.40567), (22.3904, 3.20828, -8.81927)], 0.3324344687952943), ([(0.0, -1.25, -5.0), (0.446296, -1.25, -4.6875), (0.0, -1.875, -5.0), (1.08245, -1.5625, -5.12108)], 14.094383979202789), ([(-0.446296, -5.0, -4.6875), (0.0, -4.375, -5.0), (0.0, -5.0, -5.0), (-0.62704, -5.0, -5.42057)], 0.036529614152695004), ([(-0.446296, 4.375, -4.6875), (-0.446296, 5.0, -4.6875), (0.0, 5.0, -5.0), (-0.513795, 5.0, -5.33948)], 0.03746979011155387)]
008 120	Success : [([(22.1098, 5.0, -10.0984), (22.4681, 2.76971, -10.8198), (23.1851, 5.0, -8.57005), (22.7193, 2.57266, -8.2726)], 0.16806167751300952), ([(-0.541266, 4.375, -4.6875), (-0.541266, 5.0, -4.6875), (0.0, 5.0, -5.0), (-0.457586, 5.0, -5.16756)], 14.853538921268939), ([(-1.08253, -5.0, -4.375), (-0.541266, -4.375, -4.6875), (-0.541266, -5.0, -4.6875), (-1.41802, -5.0, -5.05591)], 0.027069148338279874), ([(-0.541266, 3.75, -4.6875), (-0.541266, 4.375, -4.6875), (0.0, 4.375, -5.0), (-0.626256, 4.22509, -5.45971)], 0.02945032017744343)]
008 130	Success : [([(-0.670158, -1.875, -4.6875), (0.0, -1.875, -5.0), (-0.689558, -2.1875, -5.60393), (-0.178368, -1.5625, -5.68403)], 0.11183197552541721), ([(0.670158, -5.0, -4.6875), (0.0, -5.0, -5.0), (0.670158, -4.375, -4.6875), (1.05043, -5.0, -5.37866)], 9.152434856450384), ([(-0.670158, -5.0, -4.6875), (0.0, -4.375, -5.0), (0.0, -5.0, -5.0), (-0.551438, -5.0, -5.78066)], 0.02401495754067036), ([(-16.5418, 5.0, -8.53106), (-18.7928, 5.0, -7.94427), (-17.7585, 3.03288, -8.58748), (-18.556, 3.45318, -6.9942)], 0.023149969368591032)]
008 140	Success : [([(25.0, 5.0, 0.0), (25.0, 5.0, -1.625), (25.0, 3.75, 0.0), (23.5922, 5.0, 0.0)], 0.1292461420281945), ([(-0.858587, 1.875, -4.6875), (-0.858587, 2.5, -4.6875), (-0.429293, 2.1875, -4.84375), (-1.25704, 2.02352, -5.09893)], 6.962729350526561), ([(-0.858587, -5.0, -4.6875), (0.0, -4.375, -5.0), (0.0, -5.0, -5.0), (-1.05563, -5.0, -5.81405)], 0.022028084233379784), ([(22.6673, -3.04875, -11.2926), (25.0, -2.89303, -10.8691), (25.0, -1.713, -10.2536), (23.566, -1.48978, -9.54704)], 0.028145463828528387)]
008 150	Success : [([(16.0904, -2.97824, -4.57379), (17.2834, -5.0, -4.23927), (16.9987, -3.92762, -3.53844), (16.2171, -5.0, -5.44819)], 0.14706161882063856), ([(0.0, -0.625, -5.0), (-0.583133, 0.3125, -4.84375), (0.0, 0.0, -5.0), (-0.153517, -0.3125, -5.57474)], 3.6227061495890434), ([(25.0, 5.0, -11.375), (25.0, 5.0, -9.75), (22.7444, 5.0, -10.7698), (25.0, 3.125, -11.4213)], 0.0205440370424851), ([(-19.6256, 5.0, -10.8227), (-17.9688, 5.0, -9.2519), (-19.7055, 5.0, -9.07916), (-19.3091, 3.12743, -9.93458)], 0.026233894373812194)]
008 160	Success : [([(-25.0, 5.0, -0.591826), (-24.8119, 5.0, -0.625), (-25.0, 4.77238, -0.591826), (-25.0, 5.0, -0.785703)], 0.14648016224199098), ([(0.0, 1.875, -5.0), (0.0, 2.5, -5.0), (0.431183, 2.1875, -4.92397), (0.310945, 2.33045, -5.55744)], 1.8122048707710434), ([(25.0, 5.0, -0.979581), (25.0, 5.0, -0.785703), (24.8029, 5.0, -0.826003), (25.0, 4.89754, -0.882642)], 0.04843774474874973), ([(25.0, -5.0, -0.785703), (25.0, -5.0, -0.979581), (24.7741, -5.0, -0.859706), (25.0, -4.78416, -0.808546)], 0.03614914119307815)]
009 010	Failure
009 020	Failure
009 030	Success : [([(0.0, 5.0, -5.0), (0.0837341, 5.0, -4.6875), (0.0, 4.6875, -5.0), (0.377923, 5.0, -4.9338)], 3.0037571204661337), ([(0.0, -5.0, -5.0), (-0.0837341, -5.0, -4.6875), (0.0, -4.6875, -5.0), (-0.343066, -5.0, -5.00646)], 21.487293882321246), ([(0.0, -3.75, -5.0), (0.0, -4.375, -5.0), (-0.0837341, -4.375, -4.6875), (-0.311372, -4.0625, -5.24682)], 0.05082594186136839), ([(0.0, 4.375, -5.0), (0.0, 4.0625, -5.0), (0.287358, 4.21875, -5.2209), (0.0809296, 4.0625, -4.69797)], 0.06998596429776974)]
009 040	Failure
009 050	Failure
009 060	Success : [([(-0.4905, 0.820851, -5.07486), (-0.180422, 0.625, -4.6875), (0.0, 0.9375, -5.0), (-0.284537, 1.09375, -5.11437)], 0.5491317495762891), ([(0.0, 1.875, -5.0), (-0.180422, 1.875, -4.6875), (-0.391686, 2.07925, -5.01781), (-0.331437, 1.71875, -4.98994)], 26.372261439049822), ([(0.0, -5.0, -5.0), (0.180422, -5.0, -4.6875), (0.365351, -5.0, -5.14553), (0.0, -4.6875, -5.0)], 0.05595668673444488), ([(-0.413621, 5.0, -5.03047), (-0.735674, 5.0, -5.2918), (-0.476904, 4.50623, -5.06701), (-0.650375, 5.0, -4.68155)], 0.05465718165488045)]
009 070	Success : [([(0.218815, 3.75, -4.6875), (0.0, 3.75, -5.0), (0.343859, 4.21875, -5.00791), (0.270531, 3.90625, -5.34714)], 1.2826970979066064), ([(0.218815, 2.5, -4.6875), (0.0, 2.5, -5.0), (0.66113, 2.1875, -4.76435), (0.449396, 1.93039, -5.08181)], 284.7089436944837), ([(0.218815, -3.75, -4.6875), (0.0, -3.75, -5.0), (0.0, -3.4375, -5.0), (0.258253, -3.59375, -5.29765)], 0.04636516715321967), ([(0.218815, 3.75, -4.6875), (0.0, 3.75, -5.0), (0.343859, 4.21875, -5.00791), (0.270531, 3.90625, -5.34714)], 0.049886719915427404)]
009 080	Success : [([(0.0, 1.25, -5.0), (0.262219, 1.25, -4.6875), (0.294812, 1.40625, -5.39168), (0.31913, 1.71875, -5.16008)], 0.3017996567727339), ([(0.0, -0.9375, -5.0), (0.0, -0.625, -5.0), (-0.275807, -0.78125, -5.12547), (-0.196664, -0.914382, -4.76562)], 19.718974886290567), ([(-0.262219, -5.0, -4.6875), (0.0, -5.0, -5.0), (-0.656709, -5.0, -5.11865), (-0.466704, -4.5296, -5.12535)], 0.03871499103759421), ([(-0.262219, 4.375, -4.6875), (-0.262219, 5.0, -4.6875), (0.0, 4.6875, -5.0), (-0.429665, 4.53125, -5.20122)], 0.04117314122699651)]
009 090	Success : [([(0.3125, 3.125, -4.6875), (0.0, 3.125, -5.0), (0.438192, 3.18118, -5.12569), (0.194299, 2.85819, -5.2811)], 0.7370666211125558), ([(0.0, 3.75, -5.0), (0.0, 4.0625, -5.0), (-0.1299, 3.90625, -5.27172), (-0.15625, 3.90625, -4.84375)], 21.396692563945983), ([(0.0, -5.0, -5.0), (-0.3125, -5.0, -4.6875), (0.0, -4.375, -5.0), (-0.470713, -5.0, -5.15821)], 0.042185248148801355), ([(0.0, 3.75, -5.0), (0.0, 4.0625, -5.0), (-0.1299, 3.90625, -5.27172), (-0.15625, 3.90625, -4.84375)], 0.05469856927834446)]
009 100	Success : [([(-0.372423, 2.5, -4.6875), (0.0, 2.5, -5.0), (-0.631046, 2.1875, -5.37388), (-0.803262, 2.79376, -5.12196)], 0.19676681095662246), ([(0.372423, -0.625, -4.6875), (0.0, -0.625, -5.0), (0.838255, -0.3125, -4.86449), (0.478195, -0.9375, -5.19172)], 16.872284651631265), ([(-0.372423, -5.0, -4.6875), (0.0, -5.0, -5.0), (-0.533216, -5.0, -5.44675), (-0.53165, -4.43847, -5.25543)], 0.03275815987791206), ([(-0.372423, 4.375, -4.6875), (-0.372423, 5.0, -4.6875), (0.0, 5.0, -5.0), (-0.444946, 5.0, -5.22811)], 0.03768027322607298)]
009 110	Success : [([(-0.446296, 0.0, -4.6875), (0.0, 0.0, -5.0), (-0.53637, -0.0674418, -5.29108), (-0.221081, 0.3125, -5.31256)], 0.2106577515466972), ([(0.0, 0.0, -5.0), (-0.446296, -0.625, -4.6875), (-0.446296, 0.0, -4.6875), (-0.53637, -0.0674418, -5.29108)], 14.617471723417705), ([(0.0, -5.0, -5.0), (0.446296, -4.375, -4.6875), (0.446296, -5.0, -4.6875), (0.9038, -5.0, -5.44387)], 0.030947301861228547), ([(0.0, 4.375, -5.0), (0.0, 5.0, -5.0), (0.446296, 5.0, -4.6875), (0.678869, 5.0, -5.38916)], 0.03178968221260634)]
009 120	Success : [([(0.0, 0.625, -5.0), (-0.541266, 0.625, -4.6875), (-0.659964, 0.9375, -5.51809), (-0.140756, 0.3125, -5.69737)], 0.17930558679155176), ([(0.0, -5.0, -5.0), (-0.541266, -5.0, -4.6875), (0.0, -4.375, -5.0), (-0.561597, -5.0, -5.34771)], 13.17938344136188), ([(0.0, -5.0, -5.0), (-0.541266, -5.0, -4.6875), (0.0, -4.375, -5.0), (-0.561597, -5.0, -5.34771)], 0.03170448175618945), ([(-0.541266, 4.375, -4.6875), (-0.541266, 5.0, -4.6875), (0.0, 5.0, -5.0), (-0.610358, 5.0, -5.43217)], 0.030928358326242356)]
009 130	Success : [([(22.7708, 5.0, -11.8322), (21.4962, 5.0, -9.95616), (21.6333, 2.31552, -11.234), (23.2172, 3.25049, -12.2638)], 0.18090856461477992), ([(0.0, 4.375, -5.0), (-0.670158, 4.375, -4.6875), (0.0, 5.0, -5.0), (-0.55883, 4.17173, -5.32358)], 9.312309457423444), ([(0.0, -5.0, -5.0), (-0.670158, -5.0, -4.6875), (0.0, -4.375, -5.0), (-0.755433, -5.0, -5.52584)], 0.029141605013762575), ([(0.0, 4.375, -5.0), (-0.670158, 3.75, -4.6875), (-0.670158, 4.375, -4.6875), (-0.55883, 4.17173, -5.32358)], 0.029691538227492743)]
009 140	Success : [([(-12.7717, -5.0, -6.7533), (-15.2384, -5.0, -6.97035), (-14.0805, -5.0, -6.00468), (-14.0265, -2.95137, -7.24644)], 0.13274153194403776), ([(0.858587, 4.375, -4.6875), (0.858587, 3.75, -4.6875), (0.0, 3.75, -5.0), (0.629978, 3.4375, -5.39513)], 6.093986251952096), ([(25.0, 5.0, -5.25), (25.0, 2.50014, -5.6883), (23.0649, 5.0, -4.71669), (22.5619, 2.82321, -5.74653)], 0.029571521315437933), ([(25.0, 0.0, -6.125), (25.0, -2.71368, -5.32997), (22.2013, -1.98058, -4.41691), (22.5651, 0.378565, -5.82661)], 0.026103859095518805)]
009 150	Success : [([(22.1878, 5.0, -7.19166), (20.3902, 5.0, -7.60437), (21.5334, 5.0, -8.46268), (21.4211, 3.49344, -7.60088)], 0.11808769423314606), ([(0.0, 2.5, -5.0), (0.0, 1.875, -5.0), (-0.583133, 2.1875, -4.84375), (-0.446529, 2.26993, -5.64785)], 3.591815437779838), ([(-10.1562, -5.0, -10.4889), (-11.52, -5.0, -12.0279), (-11.8828, -5.0, -9.65473), (-11.1356, -3.31506, -10.312)], 0.02088323140062859), ([(23.4384, -4.12533, -1.79957), (25.0, -5.0, -1.75), (24.0551, -5.0, -2.44809), (25.0, -3.98354, -1.15461)], 0.027130636145109688)]
009 160	Success : [([(25.0, 5.0, -12.324), (22.8152, 5.0, -11.8536), (25.0, 3.125, -12.4586), (23.1103, 2.94127, -11.5603)], 0.20135236665249412), ([(-25.0, -4.93365, -0.591826), (-25.0, -5.0, -0.591826), (-25.0, -5.0, -0.696577), (-24.9059, -5.0, -0.608413)], 1.9713939497208566), ([(25.0, 5.0, -0.591826), (25.0, 4.93365, -0.591826), (24.9059, 5.0, -0.608413), (25.0, 5.0, -0.696577)], 0.045764409537290815), ([(25.0, -5.0, -1.42984), (25.0, -4.63602, -1.55482), (24.6288, -5.0, -1.48191), (24.7553, -5.0, -1.2673)], 0.040047882050219585)]
010 010	Failure
010 020	Failure
010 030	Success : [([(0.0837341, 0.625, -4.6875), (0.467273, 0.281851, -4.6228), (0.0, 0.3125, -5.0), (0.355442, 0.15625, -4.97374)], 1.5673134896608656), ([(0.0837341, 3.125, -4.6875), (0.0, 3.125, -5.0), (0.0, 3.4375, -5.0), (0.214617, 3.28125, -5.18559)], 26.29331840823039), ([(-0.0837341, -5.0, -4.6875), (0.0, -5.0, -5.0), (-0.465742, -5.0, -5.11393), (-0.335095, -4.53125, -4.92232)], 0.05245031089338461), ([(-0.0837341, 5.0, -4.6875), (0.0, 5.0, -5.0), (0.0, 4.6875, -5.0), (-0.334685, 5.0, -5.18967)], 0.07985530147163054)]
010 040	Failure
010 050	Success : [([(-0.953909, 0.9375, -4.95486), (-0.650773, 0.784563, -4.63105), (-0.568872, 0.3125, -5.24363), (-0.348479, 0.46875, -4.97227)], 0.8620589838089909), ([(0.0, 4.375, -5.0), (-0.145721, 4.375, -4.6875), (-0.645742, 4.4192, -5.11089), (-0.575382, 4.29555, -4.69763)], 38.09928250989444), ([(0.0, -4.6875, -5.0), (0.145721, -4.375, -4.6875), (0.458525, -4.53125, -5.23642), (0.352951, -4.21875, -4.97436)], 0.057079749188159556), ([(0.0, 4.375, -5.0), (-0.145721, 4.375, -4.6875), (-0.645742, 4.4192, -5.11089), (-0.575382, 4.29555, -4.69763)], 0.06096335824002071)]
010 060	Failure
010 070	Success : [([(0.0, -1.25, -5.0), (0.218815, -1.25, -4.6875), (0.528621, -1.33302, -5.13729), (0.277143, -1.09375, -5.13882)], 1.4831905080622652), ([(0.218815, -5.0, -4.6875), (0.0, -5.0, -5.0), (0.0, -4.6875, -5.0), (0.363032, -5.0, -5.02134)], 26.424576762012176), ([(0.218815, -5.0, -4.6875), (0.0, -5.0, -5.0), (0.0, -4.6875, -5.0), (0.363032, -5.0, -5.02134)], 0.041981500715114986), ([(0.0, 4.375, -5.0), (0.0, 5.0, -5.0), (0.218815, 5.0, -4.6875), (0.379822, 5.0, -5.15735)], 0.05222014906183244)]
010 080	Success : [([(0.0, -2.5, -5.0), (0.262219, -2.5, -4.6875), (0.0, -2.8125, -5.0), (0.242076, -2.65625, -5.25691)], 0.3859336892997034), ([(0.0, -1.875, -5.0), (-0.262219, -1.875, -4.6875), (0.0, -1.5625, -5.0), (-0.361738, -1.40625, -5.03727)], 23.393759613734513), ([(0.0, -5.0, -5.0), (-0.262219, -5.0, -4.6875), (0.0, -4.375, -5.0), (-0.46489, -5.0, -5.24407)], 0.050707286321062375), ([(0.0, 3.75, -5.0), (-0.262219, 3.75, -4.6875), (-0.697054, 3.4375, -5.31863), (-0.690379, 3.4375, -4.7805)], 0.04715535059163919)]
010 090	Success : [([(0.0, 0.625, -5.0), (-0.3125, 0.625, -4.6875), (-0.444309, 0.9375, -5.30699), (-0.901687, 0.289454, -4.96419)], 0.22869687493225327), ([(0.0, -5.0, -5.0), (0.15625, -5.0, -4.84375), (0.260691, -5.0, -5.10444), (0.350678, -4.78046, -5.01288)], 67.51195499771215), ([(0.0, -5.0, -5.0), (0.15625, -5.0, -4.84375), (0.260691, -5.0, -5.10444), (0.350678, -4.78046, -5.01288)], 0.048409934711419515), ([(0.3125, 5.0, -4.6875), (0.0, 5.0, -5.0), (0.483842, 5.0, -5.17134), (0.0, 4.6875, -5.0)], 0.04108097220717884)]
010 100	Success : [([(18.5, -5.0, -8.4375), (16.6119, -5.0, -6.33768), (16.3418, -2.38807, -7.46362), (17.3765, -3.4675, -8.91285)], 0.2091447231852384), ([(0.0, 4.375, -5.0), (0.0, 5.0, -5.0), (0.372423, 5.0, -4.6875), (0.744876, 5.0, -5.23231)], 18.549643808391703), ([(0.0, -5.0, -5.0), (-0.372423, -5.0, -4.6875), (0.0, -4.375, -5.0), (-0.567688, -5.0, -5.29838)], 0.03550201745957404), ([(-0.372423, 4.375, -4.6875), (-0.372423, 5.0, -4.6875), (0.0, 5.0, -5.0), (-0.479129, 5.0, -5.22346)], 0.03776229912581065)]
010 110	Success : [([(-0.446296, 2.5, -4.6875), (0.0, 2.5, -5.0), (-0.729082, 2.1875, -5.36917), (-0.225205, 2.50709, -5.59802)], 0.20414193660071417), ([(0.446296, -1.875, -4.6875), (0.0, -1.875, -5.0), (0.446296, -1.25, -4.6875), (0.491383, -2.07261, -5.22683)], 13.730563432182988), ([(0.0, -5.0, -5.0), (-0.446296, -5.0, -4.6875), (0.0, -4.375, -5.0), (-0.916299, -5.0, -5.40953)], 0.0372269755473823), ([(-0.446296, 4.375, -4.6875), (-0.446296, 5.0, -4.6875), (0.0, 5.0, -5.0), (-0.656969, 5.0, -5.46331)], 0.03224493722017107)]
010 120	Success : [([(-16.6142, 5.0, -7.31177), (-13.2812, 5.0, -7.51077), (-14.865, 5.0, -6.02625), (-15.8923, 2.37298, -8.7674)], 0.12672924855439174), ([(-0.541266, 4.375, -4.6875), (-0.541266, 5.0, -4.6875), (0.0, 5.0, -5.0), (-0.497745, 5.0, -5.31494)], 13.161314261781383), ([(0.0, -5.0, -5.0), (-0.541266, -5.0, -4.6875), (0.0, -4.375, -5.0), (-0.62532, -5.0, -5.45809)], 0.028243423966795383), ([(-0.541266, 4.375, -4.6875), (-0.541266, 5.0, -4.6875), (0.0, 5.0, -5.0), (-0.497745, 5.0, -5.31494)], 0.03415026620341341)]
010 130	Success : [([(25.0, -2.96196, -1.98822), (25.0, -5.0, -1.875), (23.0851, -5.0, -1.91079), (23.2996, -5.0, -3.46428)], 0.13429187484267952), ([(-0.670158, 4.375, -4.6875), (-0.670158, 5.0, -4.6875), (0.0, 5.0, -5.0), (-0.62707, 5.0, -5.31274)], 8.520887694943188), ([(-15.9172, -5.0, -12.2203), (-17.1875, -5.0, -15.0), (-18.2653, -5.0, -12.6607), (-17.722, -2.84559, -13.006)], 0.02436138361839943), ([(25.0, -1.54375, -3.45625), (25.0, -3.18431, -4.6334), (22.5501, -2.11583, -2.58986), (22.4352, -3.36486, -4.0835)], 0.03393851089143781)]
010 140	Success : [([(-12.9848, -5.0, -4.62681), (-14.7237, -5.0, -4.35942), (-13.7491, -5.0, -3.80938), (-14.1961, -3.68058, -4.15587)], 0.11440928097003321), ([(0.0, -4.375, -5.0), (0.0, -5.0, -5.0), (-0.429293, -5.0, -4.84375), (-0.294893, -5.0, -5.51485)], 8.032547160954053), ([(0.0, -4.375, -5.0), (0.0, -5.0, -5.0), (-0.429293, -5.0, -4.84375), (-0.294893, -5.0, -5.51485)], 0.030088539969516215), ([(-0.858587, 4.375, -4.6875), (-0.858587, 5.0, -4.6875), (0.0, 5.0, -5.0), (-0.622649, 5.0, -5.37499)], 0.02673331378131772)]
010 150	Success : [([(23.235, -5.0, -4.57995), (22.2179, -5.0, -6.24411), (22.543, -3.61087, -4.81031), (22.4669, -3.39809, -6.42589)], 0.16548739698398002), ([(0.0, 1.875, -5.0), (0.0, 2.5, -5.0), (-0.414393, 2.1875, -5.58375), (-0.583133, 2.8125, -4.84375)], 3.579815516166853), ([(-6.84358, -2.89303, -10.0331), (-6.69975, -5.0, -9.14197), (-8.13268, -5.0, -10.1319), (-7.8567, -3.68266, -10.9002)], 0.020915107849262933), ([(-21.875, 5.0, -15.0), (-20.3125, 5.0, -15.0), (-19.5312, 5.0, -13.4342), (-21.1616, 3.35277, -15.0)], 0.024230557965741476)]
010 160	Success : [([(-21.0938, 5.0, -11.8102), (-22.9428, 5.0, -12.7972), (-21.656, 5.0, -12.9824), (-22.0307, 3.67119, -12.0818)], 0.1681441122623983), ([(-25.0, -4.93365, -0.591826), (-25.0, -5.0, -0.591826), (-25.0, -5.0, -0.704389), (-24.9059, -5.0, -0.608413)], 2.31476233247865), ([(25.0, 4.93365, -0.591826), (25.0, 5.0, -0.591826), (25.0, 5.0, -0.704389), (24.9059, 5.0, -0.608413)], 0.046743282302027095), ([(25.0, -5.0, -0.816953), (25.0, -5.0, -1.04208), (24.7529, -5.0, -0.870984), (25.0, -4.84115, -0.929517)], 0.04403365364719552)]
011 010	Failure
011 020	Failure
011 030	Failure
011 040	Failure
011 050	Failure
011 060	Failure
011 070	Success : [([(0.608181, -0.9375, -5.03674), (0.0, -1.25, -5.0), (0.181118, -1.09375, -5.33124), (0.606689, -1.1826, -4.72623)], 1.1958592166173228), ([(0.0, -1.25, -5.0), (-0.218815, -1.25, -4.6875), (-0.576214, -1.30913, -5.17061), (-0.213592, -1.40625, -5.29306)], 29.93924000319392), ([(0.0, -4.375, -5.0), (-0.218815, -4.375, -4.6875), (0.0, -3.75, -5.0), (-0.384356, -4.0824, -5.21044)], 0.052121290529233824), ([(0.0, 4.375, -5.0), (-0.218815, 3.75, -4.6875), (-0.218815, 4.375, -4.6875), (-0.23542, 4.0625, -5.29015)], 0.045243297895492765)]
011 080	Success : [([(-0.262219, 1.875, -4.6875), (0.0, 1.875, -5.0), (-0.367966, 1.40625, -5.06502), (-0.225388, 1.71875, -5.36139)], 0.5228153672230407), ([(0.262219, 5.0, -4.6875), (0.0, 5.0, -5.0), (0.469069, 5.0, -5.12733), (0.0, 4.6875, -5.0)], 23.858911473946563), ([(0.0, -4.375, -5.0), (-0.262219, -4.375, -4.6875), (-0.452408, -4.18951, -5.11335), (-0.284459, -4.53125, -5.23164)], 0.04863483855274427), ([(0.794295, 3.90756, -4.8677), (0.707863, 4.25589, -5.3277), (0.424474, 4.53125, -5.08991), (0.681499, 4.39983, -4.77305)], 0.04086555854448585)]
011 090	Success : [([(-1.21999, 3.61361, -5.90749), (-1.04195, 3.33922, -5.10445), (-0.725515, 4.23618, -5.41301), (-0.859604, 3.89499, -4.9221)], 0.2567198414487299), ([(0.0, 3.75, -5.0), (-0.3125, 3.75, -4.6875), (-0.725515, 4.23618, -5.41301), (-0.859604, 3.89499, -4.9221)], 28.880623097257217), ([(-0.3125, -5.0, -4.6875), (0.0, -4.375, -5.0), (0.0, -5.0, -5.0), (-0.589032, -5.0, -5.27653)], 0.04100138389256514), ([(0.0, 5.0, -5.0), (0.3125, 5.0, -4.6875), (0.0, 4.375, -5.0), (0.532184, 5.0, -5.21968)], 0.03886242978265374)]
011 100	Success : [([(0.372423, -2.5, -4.6875), (0.0, -2.5, -5.0), (0.554156, -2.57997, -5.28225), (0.131388, -2.8125, -5.34995)], 0.21465583367238705), ([(0.372423, -1.875, -4.6875), (0.0, -1.875, -5.0), (0.892803, -2.1875, -4.9295), (0.554156, -2.57997, -5.28225)], 27.41220460788486), ([(-0.372423, -5.0, -4.6875), (0.0, -5.0, -5.0), (-0.516674, -5.0, -5.54455), (-0.819042, -4.44244, -5.29083)], 0.03830018528119675), ([(0.0, 5.0, -5.0), (-0.372423, 5.0, -4.6875), (-0.775231, 5.0, -5.54572), (-0.908052, 4.49448, -4.94767)], 0.034617210036471745)]
011 110	Success : [([(25.0, 5.0, -14.0), (25.0, 2.81193, -13.8274), (22.6814, 5.0, -14.5115), (23.4942, 2.46186, -14.6195)], 0.16304186882089738), ([(0.892593, 5.0, -4.375), (0.446296, 4.375, -4.6875), (0.446296, 5.0, -4.6875), (0.952663, 4.31571, -4.93573)], 14.45306695255519), ([(-0.446296, -5.0, -4.6875), (0.0, -4.375, -5.0), (0.0, -5.0, -5.0), (-0.711389, -5.0, -5.54103)], 0.03269137550756621), ([(0.0, 5.0, -5.0), (-0.446296, 4.375, -4.6875), (-0.446296, 5.0, -4.6875), (-0.555601, 5.0, -5.38536)], 0.0304869915185616)]
011 120	Success : [([(25.0, 5.0, -14.0), (22.9424, 5.0, -14.0029), (25.0, 3.60292, -14.5175), (23.1676, 3.03445, -14.0336)], 0.14054623802860475), ([(-0.541266, -5.0, -4.6875), (0.0, -4.375, -5.0), (0.0, -5.0, -5.0), (-0.860903, -5.0, -5.27965)], 10.814842222873057), ([(-0.541266, -5.0, -4.6875), (0.0, -4.375, -5.0), (0.0, -5.0, -5.0), (-0.860903, -5.0, -5.27965)], 0.02905684487310864), ([(-25.0, 2.88857, -13.9232), (-25.0, 5.0, -14.0), (-23.136, 5.0, -14.1541), (-23.5895, 2.66799, -14.6894)], 0.026150845348022686)]
011 130	Success : [([(25.0, -5.0, -12.0), (25.0, -2.65204, -11.0), (25.0, -3.39236, -12.5182), (23.1136, -5.0, -11.4607)], 0.15086429892243391), ([(0.670158, 1.25, -4.6875), (0.670158, 0.625, -4.6875), (0.0, 0.625, -5.0), (0.521937, 0.643876, -5.24447)], 10.02071928480344), ([(-0.670158, -5.0, -4.6875), (0.0, -4.375, -5.0), (0.0, -5.0, -5.0), (-0.662411, -5.0, -5.54572)], 0.02488547927262875), ([(-21.9593, 5.0, -8.03881), (-22.6513, 5.0, -11.0), (-19.8714, 5.0, -8.79411), (-21.0595, 2.79757, -8.81503)], 0.02335665061519881)]
011 140	Success : [([(22.2235, 5.0, -7.0), (20.0534, 5.0, -5.0), (22.3948, 2.28657, -6.14934), (21.6869, 3.37069, -4.36035)], 0.11586574069081766), ([(0.858587, -0.625, -4.6875), (0.0, -1.25, -5.0), (0.0, -0.625, -5.0), (0.693413, -0.9375, -5.56941)], 5.430524562504317), ([(-17.4334, -5.0, -9.33207), (-14.7616, -5.0, -9.92668), (-16.4488, -5.0, -12.6387), (-15.2262, -1.62527, -9.43929)], 0.025622443152413747), ([(25.0, -5.0, -14.0), (25.0, -2.76602, -13.77), (23.0049, -5.0, -14.3629), (22.8519, -3.01831, -13.453)], 0.025243180590813936)]
011 150	Success : [([(22.6469, 5.0, -7.0), (25.0, 5.0, -6.0), (25.0, 2.35445, -6.33555), (25.0, 3.33559, -7.71079)], 0.1437236378531131), ([(0.0, 4.375, -5.0), (0.0, 5.0, -5.0), (0.583133, 5.0, -4.84375), (0.595274, 5.0, -5.61667)], 4.183674919208828), ([(-12.1348, -5.0, -10.6074), (-11.5756, -5.0, -8.54447), (-10.4706, -5.0, -9.7254), (-11.5755, -3.31458, -9.65174)], 0.02316755758837679), ([(-12.5, 5.0, -16.0), (-10.9375, 5.0, -16.0), (-10.5073, 5.0, -14.0474), (-11.3849, 3.39272, -16.0)], 0.022214401465787906)]
011 160	Success : [([(-25.0, -5.0, -0.712202), (-25.0, -4.93365, -0.591826), (-24.9059, -5.0, -0.608413), (-25.0, -4.86604, -0.707563)], 0.4255380216232152), ([(0.0, -1.875, -5.0), (0.0184148, -1.5625, -5.78779), (-0.886138, -1.28693, -4.84375), (-0.518985, -0.9375, -5.59218)], 2.031901088077965), ([(25.0, 4.93365, -0.591826), (25.0, 5.0, -0.591826), (25.0, 5.0, -0.712202), (24.9059, 5.0, -0.608413)], 0.04495649677705214), ([(24.8119, -5.0, -0.625), (25.0, -5.0, -0.591826), (25.0, -5.0, -0.832578), (25.0, -4.81506, -0.591826)], 0.0409999891336071)]
012 010	Failure
012 020	Failure
012 030	Success : [([(0.0, 0.625, -5.0), (-0.0837341, 0.625, -4.6875), (-0.387924, 0.78125, -4.96558), (-0.30779, 0.46875, -5.20174)], 2.8776732284413393), ([(0.0837341, 5.0, -4.6875), (0.427358, 5.0, -4.62991), (0.568478, 4.5342, -4.80191), (0.0, 4.6875, -5.0)], 70.20841104270292), ([(-0.566122, -5.0, -4.64929), (-0.649147, -5.0, -5.27425), (-0.737499, -4.48545, -4.94452), (-0.386232, -5.0, -4.99118)], 0.06379164143206772), ([(0.0, 4.375, -5.0), (-0.0837341, 4.375, -4.6875), (0.0, 4.6875, -5.0), (-0.305917, 4.53125, -5.20345)], 0.05700886904473286)]
012 040	Failure
012 050	Failure
012 060	Failure
012 070	Failure
012 080	Success : [([(0.262219, 3.125, -4.6875), (0.0, 3.125, -5.0), (0.621111, 3.48046, -5.25491), (0.253322, 2.8125, -5.49375)], 0.7989217359789861), ([(0.0, -5.0, -5.0), (-0.262219, -5.0, -4.6875), (0.0, -4.375, -5.0), (-0.533717, -5.0, -5.09002)], 23.367758128775833), ([(0.0, -5.0, -5.0), (-0.262219, -5.0, -4.6875), (0.0, -4.375, -5.0), (-0.533717, -5.0, -5.09002)], 0.04076421746187335), ([(0.262219, 5.0, -4.6875), (0.0, 4.375, -5.0), (0.0, 5.0, -5.0), (0.473922, 5.0, -5.1515)], 0.043584554255179674)]
012 090	Success : [([(0.0, 0.0, -5.0), (-0.3125, 0.0, -4.6875), (-0.497812, 0.581444, -5.18531), (-0.332639, 0.102787, -5.37995)], 0.4911658516436251), ([(0.0, -5.0, -5.0), (-0.3125, -5.0, -4.6875), (0.0, -4.375, -5.0), (-0.543519, -5.0, -5.23102)], 19.76518510203289), ([(0.0, -5.0, -5.0), (-0.3125, -5.0, -4.6875), (0.0, -4.375, -5.0), (-0.543519, -5.0, -5.23102)], 0.04327537875573448), ([(0.0, 5.0, -5.0), (-0.3125, 5.0, -4.6875), (-0.527083, 5.0, -5.48579), (-0.552581, 4.3917, -5.24008)], 0.0385829019091174)]
012 100	Success : [([(0.372423, 1.25, -4.6875), (0.0, 1.25, -5.0), (0.6002, 1.45522, -5.33712), (0.184793, 1.27569, -5.42067)], 0.41726317454697487), ([(0.372423, -1.25, -4.6875), (0.0, -1.25, -5.0), (0.223918, -1.09375, -5.31126), (0.620652, -1.16308, -5.16892)], 19.22293256945339), ([(-0.372423, -5.0, -4.6875), (0.0, -5.0, -5.0), (-0.764934, -5.0, -5.48376), (-0.525618, -4.50738, -5.24824)], 0.0341160080659485), ([(0.372423, 5.0, -4.6875), (0.0, 4.375, -5.0), (0.0, 5.0, -5.0), (0.725059, 5.0, -5.39249)], 0.03632339120179761)]
012 110	Success : [([(22.727, 5.0, -11.6829), (25.0, 5.0, -10.625), (25.0, 2.44245, -10.8854), (23.156, 3.4157, -12.8864)], 0.17504288264467996), ([(0.0, 1.875, -5.0), (0.446296, 2.5, -4.6875), (0.446296, 1.875, -4.6875), (0.476602, 1.98699, -5.20572)], 12.716338339424603), ([(0.0, -3.75, -5.0), (0.0, -4.375, -5.0), (-0.446296, -4.375, -4.6875), (-0.847589, -4.17403, -5.46677)], 0.029798573014998553), ([(0.0, 5.0, -5.0), (-0.446296, 4.375, -4.6875), (-0.446296, 5.0, -4.6875), (-0.804904, 5.0, -5.28243)], 0.029628512699214248)]
012 120	Success : [([(0.0, 0.0, -5.0), (-0.541266, 0.0, -4.6875), (-0.573143, -0.10871, -5.80579), (-1.00891, -0.3125, -5.162)], 0.19911393848786682), ([(0.541266, -0.625, -4.6875), (1.08253, -0.625, -4.375), (1.16286, -1.40417, -5.13914), (0.561262, -0.9375, -5.2706)], 16.138193612506388), ([(0.0, -5.0, -5.0), (-0.541266, -5.0, -4.6875), (0.0, -4.375, -5.0), (-0.783072, -5.0, -5.42108)], 0.03215411311189982), ([(0.0, 5.0, -5.0), (-0.541266, 4.375, -4.6875), (-0.541266, 5.0, -4.6875), (-1.04447, 5.0, -5.55046)], 0.030586630892109824)]
012 130	Success : [([(25.0, 5.0, -12.75), (22.8541, 5.0, -12.2353), (25.0, 3.63787, -13.6062), (23.2904, 2.7044, -13.121)], 0.2681358323990496), ([(-0.670158, 1.25, -4.6875), (-0.670158, 1.875, -4.6875), (0.0, 1.875, -5.0), (-0.58768, 2.1875, -5.38545)], 9.798504775481359), ([(-14.1102, -5.0, -8.93322), (-12.2423, -5.0, -7.20747), (-14.5135, -2.11128, -7.23515), (-13.1692, -3.18316, -5.70193)], 0.026299453797809555), ([(-18.4451, 5.0, -8.33071), (-21.0944, 5.0, -6.47583), (-20.0118, 5.0, -9.65248), (-19.3742, 3.02333, -8.81881)], 0.024379187795140176)]
012 140	Success : [([(25.0, 2.16133, -7.4375), (25.0, 5.0, -6.375), (22.8982, 5.0, -8.18899), (25.0, 2.70082, -5.06019)], 0.1132119303731391), ([(-0.858587, -1.25, -4.6875), (-0.858587, -0.625, -4.6875), (0.0, -0.625, -5.0), (-0.636259, -0.3125, -5.41238)], 8.323964271126247), ([(-11.2169, -5.0, -10.6843), (-11.6279, -5.0, -8.22345), (-12.6314, -2.27131, -10.8216), (-12.6896, -5.0, -9.66554)], 0.02480431902684637), ([(-11.5359, 5.0, -7.57317), (-9.88413, 5.0, -8.98059), (-10.0065, 5.0, -7.45118), (-10.369, 3.33972, -8.24978)], 0.026274998525204048)]
012 150	Success : [([(23.1861, 5.0, -15.1782), (21.9717, 5.0, -13.7972), (21.5557, 5.0, -15.3875), (22.6559, 3.97724, -14.42)], 0.13000691918217586), ([(0.0, -2.5, -5.0), (0.0, -3.125, -5.0), (0.766783, -2.8125, -5.52914), (0.525941, -3.4375, -4.85907)], 4.437194201530957), ([(-19.8833, -2.67252, -12.1898), (-21.5472, -5.0, -11.6875), (-21.34, -5.0, -13.1748), (-19.7951, -5.0, -12.2496)], 0.0237566442822965), ([(-17.9688, 5.0, -12.2503), (-15.8131, 5.0, -11.5832), (-16.8837, 5.0, -10.1572), (-17.0514, 2.85007, -11.3981)], 0.026838097743517517)]
012 160	Success : [([(21.2105, -5.0, -11.8725), (22.9632, -5.0, -10.8349), (22.2323, -2.37819, -12.8924), (23.2619, -2.40123, -11.2258)], 0.24166613829643155), ([(-25.0, -4.93365, -0.591826), (-25.0, -5.0, -0.591826), (-25.0, -5.0, -0.65592), (-24.953, -5.0, -0.600119)], 3.9669653811677006), ([(25.0, 5.0, -0.848203), (25.0, 5.0, -0.720014), (24.8637, 5.0, -0.756203), (25.0, 4.91385, -0.794812)], 0.047901711074854095), ([(25.0, -5.0, -1.61734), (24.6638, -5.0, -1.5615), (25.0, -4.73149, -1.66253), (24.718, -4.72896, -1.84002)], 0.039609902032015934)]
013 010	Failure
013 020	Failure
013 030	Success : [([(0.0837341, 5.0, -4.6875), (0.0, 5.0, -5.0), (0.465378, 5.0, -5.01754), (0.0, 4.6875, -5.0)], 1.4676232533269564), ([(0.0837341, 5.0, -4.6875), (0.0, 5.0, -5.0), (0.465378, 5.0, -5.01754), (0.0, 4.6875, -5.0)], 20.75760921401359), ([(0.0837341, -4.375, -4.6875), (0.0, -4.375, -5.0), (0.0, -4.0625, -5.0), (0.360446, -4.21875, -5.19655)], 0.0470896504799779), ([(0.0, 4.6875, -5.0), (-0.45941, 4.53125, -5.16142), (-0.0809296, 4.6875, -4.69797), (-0.382707, 5.0, -4.99624)], 0.04895938399022194)]
013 040	Failure
013 050	Failure
013 060	Success : [([(0.0, -4.375, -5.0), (0.180422, -4.375, -4.6875), (0.433103, -4.54213, -5.04172), (0.287328, -4.21875, -5.24679)], 1.436799035337232), ([(-0.180422, 2.5, -4.6875), (-0.304872, 2.8125, -5.22862), (0.0, 2.8125, -5.0), (-0.339523, 2.37911, -4.98769)], 22.700844818212165), ([(-0.180422, -5.0, -4.6875), (0.0, -5.0, -5.0), (-0.403678, -5.0, -5.22097), (-0.396808, -4.59329, -5.02076)], 0.05753257219987649), ([(0.180422, 5.0, -4.6875), (0.0, 4.375, -5.0), (0.0, 5.0, -5.0), (0.366797, 5.0, -5.00639)], 0.042955881803762336)]
013 070	Success : [([(0.0, 0.0, -5.0), (-0.218815, 0.0, -4.6875), (-0.54783, 0.153994, -5.15074), (-0.271749, -0.332134, -5.41092)], 0.49169035051277016), ([(0.0, -5.0, -5.0), (-0.218815, -5.0, -4.6875), (0.0, -4.6875, -5.0), (-0.287045, -5.0, -4.96813)], 31.52715207831121), ([(0.0, -4.375, -5.0), (-0.218815, -4.375, -4.6875), (0.0, -4.0625, -5.0), (-0.261555, -4.21875, -5.24487)], 0.04545372730162217), ([(0.0, 5.0, -5.0), (-0.218815, 5.0, -4.6875), (-0.485727, 5.0, -5.34427), (-0.661915, 4.52668, -4.7649)], 0.04088269666391883)]
013 080	Success : [([(0.326445, 3.90625, -5.45314), (0.0, 4.0625, -5.0), (0.347877, 4.21875, -5.02564), (-0.0437053, 3.90625, -5.3487)], 0.4582455184996685), ([(0.0, -0.625, -5.0), (0.0, 0.0, -5.0), (0.262219, 0.0, -4.6875), (0.468344, -0.3125, -5.10705)], 21.467498876155638), ([(0.0, -5.0, -5.0), (-0.262219, -5.0, -4.6875), (0.0, -4.375, -5.0), (-0.5472, -5.0, -5.275)], 0.045218455373348385), ([(-0.262219, 4.375, -4.6875), (0.0, 4.375, -5.0), (0.0, 4.0625, -5.0), (-0.260057, 4.21875, -5.28993)], 0.04813047579045674)]
013 090	Success : [([(20.2101, -5.0, -10.7929), (22.4387, -5.0, -10.4711), (21.4372, -5.0, -11.4129), (21.266, -3.52154, -10.2275)], 0.24231953951730759), ([(0.3125, 5.0, -4.6875), (0.0, 4.375, -5.0), (0.0, 5.0, -5.0), (0.739339, 5.0, -5.10728)], 19.340974737562124), ([(0.0, -5.0, -5.0), (-0.3125, -5.0, -4.6875), (0.0, -4.375, -5.0), (-0.466327, -5.0, -5.33844)], 0.04186858274792568), ([(-0.3125, 4.375, -4.6875), (0.0, 5.0, -5.0), (0.0, 4.375, -5.0), (-0.506035, 5.0, -5.32393)], 0.03781412462159478)]
013 100	Success : [([(0.0, 0.0, -5.0), (0.372423, 0.0, -4.6875), (0.549185, 0.0456263, -5.27633), (0.180121, 0.15625, -5.30389)], 0.26796927897701256), ([(0.186212, -2.61096, -4.84375), (0.0, -2.5, -5.0), (0.301104, -2.56211, -5.17447), (0.0, -2.8125, -5.0)], 25.879133905677023), ([(0.0, -3.75, -5.0), (0.0, -4.375, -5.0), (-0.372423, -4.375, -4.6875), (-0.615038, -4.32864, -5.35481)], 0.03724201184440497), ([(0.0, 4.375, -5.0), (-0.372423, 3.75, -4.6875), (-0.372423, 4.375, -4.6875), (-0.670292, 4.23883, -5.42065)], 0.031307382096647754)]
013 110	Success : [([(22.9162, -3.09138, -10.4497), (22.7263, -5.0, -9.5834), (23.7819, -5.0, -8.97504), (23.2887, -3.4147, -8.54199)], 0.1619691832552869), ([(-0.446296, -5.0, -4.6875), (-0.446296, -4.375, -4.6875), (0.0, -4.375, -5.0), (-0.607498, -4.34651, -5.39266)], 14.1785238983989), ([(0.0, -3.75, -5.0), (0.0, -4.375, -5.0), (-0.446296, -4.375, -4.6875), (-0.607498, -4.34651, -5.39266)], 0.030375199088473477), ([(0.0, 5.0, -5.0), (-0.446296, 4.375, -4.6875), (-0.446296, 5.0, -4.6875), (-0.586935, 5.0, -5.36329)], 0.028446276495447485)]
013 120	Success : [([(23.577, 5.0, -15.1875), (25.0, 3.05574, -16.1036), (23.6151, 5.0, -16.5991), (25.0, 3.88286, -15.1736)], 0.6378595446617539), ([(0.541266, 0.0, -4.6875), (0.0, 0.0, -5.0), (0.841732, 0.3125, -5.22961), (0.483453, -0.148485, -5.30011)], 9.669524321631183), ([(25.0, 5.0, -15.75), (23.577, 5.0, -15.1875), (23.6151, 5.0, -16.5991), (25.0, 3.88286, -15.1736)], 0.025757717844153042), ([(0.0, 5.0, -5.0), (-0.541266, 4.375, -4.6875), (-0.541266, 5.0, -4.6875), (-0.587373, 5.0, -5.39597)], 0.028280866031241896)]
013 130	Success : [([(25.0, -3.49074, -3.71051), (25.0, -5.0, -3.375), (23.1981, -5.0, -4.07846), (23.6386, -3.5217, -4.60809)], 0.21641644925691925), ([(0.0, -4.375, -5.0), (0.670158, -4.375, -4.6875), (0.0, -5.0, -5.0), (0.572399, -4.332, -5.35268)], 9.836494697843278), ([(23.4161, 5.0, -8.4375), (25.0, 5.0, -9.0), (25.0, 4.03985, -9.5625), (23.5699, 3.70038, -10.007)], 0.02834846969750748), ([(25.0, -3.49074, -3.71051), (25.0, -5.0, -3.375), (23.1981, -5.0, -4.07846), (23.6386, -3.5217, -4.60809)], 0.030131877949439195)]
013 140	Success : [([(20.6269, -2.91681, -13.8311), (22.2643, -2.49846, -12.1809), (23.3761, -3.3395, -13.2881), (22.333, -2.98529, -14.7313)], 0.19079004631703483), ([(0.0, -1.875, -5.0), (-0.429293, -2.1875, -4.84375), (-0.678461, -1.73396, -5.45506), (-0.812283, -2.42332, -5.38729)], 6.482166416296591), ([(23.3948, 5.0, -14.5447), (25.0, 5.0, -14.625), (25.0, 3.73203, -13.7694), (24.1672, 5.0, -15.1875)], 0.028614024568497383), ([(-22.5981, 5.0, -11.4971), (-22.7223, 2.78722, -10.4244), (-23.274, 5.0, -9.5625), (-23.7412, 5.0, -10.8111)], 0.027593141670898946)]
013 150	Success : [([(23.6209, -5.0, -13.0588), (25.0, -5.0, -12.375), (25.0, -3.26419, -13.901), (25.0, -3.68542, -11.65)], 0.15702739806647015), ([(0.583133, -0.3125, -4.84375), (0.0, 0.0, -5.0), (0.531819, 0.316419, -4.8575), (0.627591, -0.00466076, -5.41511)], 4.21486114786579), ([(-25.0, -5.0, -6.75), (-25.0, -3.47191, -6.59746), (-23.8402, -5.0, -6.94599), (-23.7724, -3.66589, -7.11576)], 0.03195450787121435), ([(25.0, -5.0, -3.375), (25.0, -3.5167, -3.30786), (23.5921, -5.0, -3.18805), (23.4157, -3.78214, -2.5001)], 0.02527200662694839)]
013 160	Success : [([(23.3199, -5.0, -11.7642), (23.2027, -5.0, -10.0628), (23.987, -5.0, -10.8635), (23.1256, -3.73959, -10.9229)], 0.20933801553743342), ([(-25.0, -5.0, -0.591826), (-25.0, -4.93365, -0.591826), (-24.9059, -5.0, -0.608413), (-25.0, -5.0, -0.659826)], 2.0683736984486143), ([(24.8566, 5.0, -0.76672), (25.0, 5.0, -0.863828), (25.0, 4.88863, -0.823815), (24.8754, 5.0, -0.931829)], 0.04958977242098216), ([(24.7168, -5.0, -1.38913), (25.0, -4.73421, -1.32716), (24.7876, -4.74873, -1.16379), (25.0, -5.0, -1.40783)], 0.043244436786387994)]
014 010	Failure
014 020	Failure
014 030	Failure
014 040	Success : [([(0.113741, -5.0, -4.6875), (0.0, -5.0, -5.0), (0.0, -4.6875, -5.0), (0.273702, -5.0, -5.1145)], 1.180561155897906), ([(0.0, -2.5, -5.0), (0.113741, -2.5, -4.6875), (0.0, -2.8125, -5.0), (0.287948, -2.65625, -5.19916)], 21.039072051970614), ([(0.113741, -5.0, -4.6875), (0.0, -5.0, -5.0), (0.0, -4.6875, -5.0), (0.273702, -5.0, -5.1145)], 0.05907647614209484), ([(0.170611, 4.0625, -4.53125), (0.0, 4.375, -5.0), (0.488477, 4.29181, -5.00084), (0.506898, 3.91203, -4.75368)], 0.046217172763005535)]
014 050	Success : [([(-0.145721, -3.125, -4.6875), (0.0, -3.125, -5.0), (-0.586988, -3.23944, -4.70304), (-0.247554, -2.96875, -5.25355)], 0.6041691936604763), ([(0.0, -5.0, -5.0), (-0.145721, -5.0, -4.6875), (0.0, -4.6875, -5.0), (-0.37266, -5.0, -4.98355)], 30.26352712701904), ([(0.0, -3.125, -5.0), (-0.145721, -3.125, -4.6875), (0.0, -2.8125, -5.0), (-0.247554, -2.96875, -5.25355)], 0.04839126342707223), ([(-0.145721, 3.75, -4.6875), (0.0, 4.375, -5.0), (0.0, 3.75, -5.0), (-0.258489, 4.06717, -5.26175)], 0.046602713004475396)]
014 060	Failure
014 070	Failure
014 080	Success : [([(0.262219, -1.25, -4.6875), (0.0, -1.25, -5.0), (0.741012, -1.24933, -5.35552), (0.203705, -1.40625, -5.39034)], 0.6255853120327874), ([(0.0, -5.0, -5.0), (-0.262219, -5.0, -4.6875), (0.0, -4.6875, -5.0), (-0.354422, -5.0, -5.03113)], 31.347461474966536), ([(0.262219, -4.375, -4.6875), (0.0, -4.375, -5.0), (0.0, -4.0625, -5.0), (0.110326, -4.21875, -5.26964)], 0.05765401147566057), ([(0.262219, 5.0, -4.6875), (0.0, 4.375, -5.0), (0.0, 5.0, -5.0), (0.441464, 5.0, -5.10417)], 0.037183488866332486)]
014 090	Failure
014 100	Failure
014 110	Success : [([(-25.0, 3.75, -19.0), (-25.0, 5.0, -19.0), (-25.0, 5.0, -17.8125), (-23.4375, 5.0, -19.0)], 0.19995531211757467), ([(0.0, 4.375, -5.0), (0.446296, 4.375, -4.6875), (0.700663, 4.11884, -5.61759), (1.03676, 4.3558, -5.05583)], 14.537895831662127), ([(0.0, -4.375, -5.0), (-0.446296, -4.375, -4.6875), (0.0, -3.75, -5.0), (-0.664982, -4.23697, -5.47475)], 0.030067414089596515), ([(0.0, 4.375, -5.0), (0.446296, 4.375, -4.6875), (0.700663, 4.11884, -5.61759), (1.03676, 4.3558, -5.05583)], 0.028910185001267286)]
014 120	Success : [([(25.0, 5.0, -8.3125), (25.0, 5.0, -7.125), (23.236, 5.0, -6.95646), (23.3615, 3.28786, -7.45577)], 0.16110758581525575), ([(-0.541266, -4.375, -4.6875), (-0.541266, -3.75, -4.6875), (0.0, -3.75, -5.0), (-0.61766, -3.75009, -5.44482)], 10.345710153257773), ([(-0.541266, -5.0, -4.6875), (0.0, -4.375, -5.0), (0.0, -5.0, -5.0), (-0.655114, -5.0, -5.90705)], 0.027610472434421184), ([(-0.541266, 3.75, -4.6875), (-0.541266, 4.375, -4.6875), (0.0, 4.375, -5.0), (-0.653485, 4.23794, -5.50687)], 0.025160171005546267)]
014 130	Success : [([(-23.3738, 2.38091, -13.1924), (-22.6765, 5.0, -13.3781), (-23.4994, 3.45215, -14.466), (-23.5586, 3.85402, -12.9817)], 0.201202370225684), ([(0.670158, 5.0, -4.6875), (0.0, 4.375, -5.0), (0.0, 5.0, -5.0), (0.600544, 5.0, -5.41304)], 7.8963110247118395), ([(25.0, 5.0, -15.4375), (23.4001, 5.0, -15.2549), (25.0, 3.45116, -15.1733), (23.4492, 3.77314, -14.3683)], 0.024216383349375276), ([(-23.3738, 2.38091, -13.1924), (-22.6765, 5.0, -13.3781), (-23.4994, 3.45215, -14.466), (-23.5586, 3.85402, -12.9817)], 0.026438867386065597)]
014 140	Success : [([(-19.1935, 5.0, -13.2087), (-21.603, 5.0, -15.6095), (-21.9494, 2.91538, -14.5254), (-20.582, 3.40677, -12.6227)], 0.2484336862533918), ([(0.858587, 0.625, -4.6875), (0.858587, 1.25, -4.6875), (1.01309, 0.9375, -5.57846), (0.719001, 1.27508, -5.23419)], 5.4875846784378), ([(25.0, 5.0, -11.875), (25.0, 3.64014, -12.3557), (23.8635, 5.0, -11.5678), (23.5509, 3.98156, -12.5369)], 0.02474689036695809), ([(-19.1935, 5.0, -13.2087), (-21.603, 5.0, -15.6095), (-21.9494, 2.91538, -14.5254), (-20.582, 3.40677, -12.6227)], 0.031975857029935696)]
014 150	Success : [([(25.0, 5.0, -9.5), (23.0717, 5.0, -9.17885), (25.0, 3.64008, -10.2327), (23.5526, 3.06274, -9.38429)], 0.2270766275125293), ([(0.0, 3.75, -5.0), (0.0, 3.125, -5.0), (0.816982, 3.4375, -5.53279), (0.583133, 2.8125, -4.84375)], 3.14642867724962), ([(25.0, 3.75, -19.0), (25.0, 5.0, -19.0), (23.4375, 5.0, -19.0), (25.0, 5.0, -17.8125)], 0.022922392867220472), ([(-21.875, 5.0, -19.0), (-23.4375, 5.0, -19.0), (-22.6562, 3.47569, -19.0), (-23.5112, 5.0, -17.4752)], 0.026923520985920473)]
014 160	Success : [([(-25.0, -3.1543, -7.98104), (-25.0, -5.0, -8.6454), (-23.5167, -5.0, -8.53195), (-23.4116, -3.64735, -7.67386)], 0.19093112134767345), ([(-25.0, -5.0, -0.591826), (-25.0, -4.93365, -0.591826), (-24.9059, -5.0, -0.608413), (-25.0, -5.0, -0.663732)], 3.2313785005709255), ([(25.0, 5.0, -0.663732), (24.9059, 5.0, -0.608413), (25.0, 4.89212, -0.69671), (24.9006, 4.8903, -0.609349)], 0.03912932337297311), ([(25.0, -5.0, -1.16708), (25.0, -4.74244, -1.01164), (25.0, -4.7514, -1.28789), (24.7477, -5.0, -1.16329)], 0.031076605739883367)]
015 010	Failure
015 020	Failure
015 030	Failure
015 040	Success : [([(0.0, 0.625, -5.0), (0.491668, 0.372614, -5.46998), (-0.0558978, 0.46875, -5.3557), (0.341389, 0.78125, -4.97409)], 0.5328203098840549), ([(0.113741, 5.0, -4.6875), (0.0, 5.0, -5.0), (0.657902, 5.0, -5.04773), (0.0, 4.6875, -5.0)], 33.92230508049544), ([(0.0, -4.375, -5.0), (-0.113741, -4.375, -4.6875), (0.0, -4.0625, -5.0), (-0.296031, -4.21875, -5.22323)], 0.06252272378947514), ([(0.0, 4.375, -5.0), (0.113741, 4.375, -4.6875), (0.0, 4.0625, -5.0), (0.457044, 4.35595, -4.9894)], 0.044453645021063234)]
015 050	Success : [([(0.0, -2.5, -5.0), (-0.145721, -2.5, -4.6875), (-0.271406, -2.34375, -5.25088), (-0.353552, -2.65625, -4.97464)], 0.7088492341335974), ([(-0.145721, -5.0, -4.6875), (0.0, -5.0, -5.0), (-0.472531, -5.0, -5.03012), (0.0, -4.6875, -5.0)], 24.783398660251706), ([(0.145721, -3.75, -4.6875), (0.0, -3.75, -5.0), (0.0, -3.4375, -5.0), (0.212051, -3.59375, -5.21752)], 0.05972588780254925), ([(-0.145721, 4.375, -4.6875), (0.0, 4.375, -5.0), (0.0, 4.0625, -5.0), (-0.276429, 4.22462, -5.17805)], 0.06057478016127998)]
015 060	Success : [([(-0.180422, 3.125, -4.6875), (-0.376033, 3.28125, -5.00877), (0.0, 2.8125, -5.0), (-0.278327, 2.65625, -5.21764)], 0.4011888038817095), ([(0.0, -3.125, -5.0), (0.180422, -3.125, -4.6875), (0.613385, -3.27231, -4.72914), (0.428263, -3.01304, -5.03892)], 17.426018473579443), ([(-0.180422, -5.0, -4.6875), (0.0, -5.0, -5.0), (-0.504348, -5.0, -5.43023), (-0.41873, -4.49041, -5.03342)], 0.05814293895295885), ([(0.180422, 5.0, -4.6875), (0.0, 4.375, -5.0), (0.0, 5.0, -5.0), (0.407517, 5.0, -5.13833)], 0.04380938643575826)]
015 070	Success : [([(0.218815, -1.875, -4.6875), (0.0, -1.875, -5.0), (0.458049, -1.71875, -5.3315), (0.49596, -2.1875, -5.02634)], 0.48370349192376233), ([(0.0, 3.75, -5.0), (0.218815, 3.75, -4.6875), (0.661382, 3.35187, -5.02219), (0.394375, 3.90625, -5.05543)], 20.185977653474833), ([(0.0, -5.0, -5.0), (-0.218815, -5.0, -4.6875), (-0.680279, -4.54756, -4.77776), (-0.347324, -5.0, -5.3088)], 0.044243982491351294), ([(0.0, 5.0, -5.0), (0.0, 4.375, -5.0), (-0.218815, 4.375, -4.6875), (-0.311181, 4.61622, -5.21239)], 0.047080382723422076)]
015 080	Success : [([(0.0, -4.375, -5.0), (-0.262219, -4.375, -4.6875), (-0.519295, -4.28517, -5.16948), (-0.21895, -4.53125, -5.31606)], 0.6199415342001776), ([(-0.262219, -5.0, -4.6875), (0.0, -5.0, -5.0), (-0.367547, -5.0, -5.04214), (0.0, -4.6875, -5.0)], 31.581133112357687), ([(0.0, -4.375, -5.0), (-0.262219, -4.375, -4.6875), (-0.519295, -4.28517, -5.16948), (-0.21895, -4.53125, -5.31606)], 0.047071190127797945), ([(-0.262219, 4.375, -4.6875), (0.0, 4.375, -5.0), (-0.763182, 4.0625, -4.84159), (-0.463757, 4.46462, -5.33423)], 0.041194972786264834)]
015 090	Failure
015 100	Success : [([(25.0, 3.75, -20.0), (25.0, 3.51252, -17.4957), (23.4654, 5.0, -18.4333), (25.0, 2.46932, -18.5308)], 0.3984341689123186), ([(0.372423, 4.375, -4.6875), (0.0, 4.375, -5.0), (0.372423, 5.0, -4.6875), (0.457142, 4.19425, -5.16663)], 15.758223427964195), ([(0.0, -4.375, -5.0), (-0.372423, -4.375, -4.6875), (0.0, -3.75, -5.0), (-0.547234, -4.43837, -5.274)], 0.035536786092855946), ([(-0.372423, 4.375, -4.6875), (-0.372423, 5.0, -4.6875), (0.0, 5.0, -5.0), (-0.489393, 5.0, -5.39891)], 0.03166604150118993)]
015 110	Success : [([(25.0, 5.0, -13.75), (23.1484, 5.0, -12.9336), (25.0, 3.56152, -14.4538), (23.2917, 3.42974, -12.2558)], 0.2526363053433546), ([(-0.446296, -5.0, -4.6875), (0.0, -4.375, -5.0), (0.0, -5.0, -5.0), (-0.584047, -5.0, -5.35917)], 19.279442026309656), ([(-0.446296, -5.0, -4.6875), (0.0, -4.375, -5.0), (0.0, -5.0, -5.0), (-0.584047, -5.0, -5.35917)], 0.03443947720283657), ([(-0.446296, 4.375, -4.6875), (-0.446296, 5.0, -4.6875), (0.0, 5.0, -5.0), (-0.46331, 5.0, -5.12649)], 0.027976604813175026)]
015 120	Success : [([(25.0, -5.0, -3.75), (25.0, -5.0, -2.5), (25.0, -3.79972, -3.08739), (23.927, -5.0, -2.68244)], 0.1962960288123583), ([(0.541266, 5.0, -4.6875), (0.0, 4.375, -5.0), (0.0, 5.0, -5.0), (0.748216, 5.0, -5.50943)], 9.133697962614596), ([(-0.541266, -5.0, -4.6875), (0.0, -4.375, -5.0), (0.0, -5.0, -5.0), (-0.749151, -5.0, -5.76565)], 0.029419181849555363), ([(0.541266, 5.0, -4.6875), (0.0, 4.375, -5.0), (0.0, 5.0, -5.0), (0.748216, 5.0, -5.50943)], 0.026535680609012086)]
015 130	Success : [([(-25.0, -5.0, -5.0), (-22.9187, -5.0, -4.9449), (-25.0, -3.81833, -5.625), (-23.3275, -3.21995, -5.15231)], 0.21527159309242358), ([(0.670158, 3.125, -4.6875), (0.0, 3.125, -5.0), (0.670158, 3.75, -4.6875), (0.581182, 2.8125, -5.37152)], 8.001078034825403), ([(-25.0, -5.0, -5.0), (-22.9187, -5.0, -4.9449), (-25.0, -3.81833, -5.625), (-23.3275, -3.21995, -5.15231)], 0.032245464008990476), ([(25.0, -3.75, -20.0), (23.4375, -5.0, -20.0), (25.0, -5.0, -18.75), (23.745, -5.0, -18.125)], 0.025295158082890564)]
015 140	Success : [([(22.9654, -5.0, -14.8918), (25.0, -5.0, -15.0), (25.0, -3.73608, -14.273), (23.5819, -3.72876, -13.661)], 0.2022820353049294), ([(0.0, -0.625, -5.0), (0.858587, 0.0, -4.6875), (0.858587, -0.625, -4.6875), (0.653712, -0.9375, -5.46033)], 5.715089905484092), ([(23.0229, 5.0, -9.8136), (25.0, 5.0, -10.0), (25.0, 3.78976, -9.49824), (23.9437, 5.0, -10.625)], 0.03639304540045529), ([(22.9654, -5.0, -14.8918), (25.0, -5.0, -15.0), (25.0, -3.73608, -14.273), (23.5819, -3.72876, -13.661)], 0.03152373255594267)]
015 150	Success : [([(25.0, 5.0, -7.5), (23.1534, 5.0, -7.68252), (25.0, 3.56728, -6.97829), (23.3905, 3.74871, -6.61937)], 0.14784564548112333), ([(0.0, -4.375, -5.0), (0.0, -3.75, -5.0), (0.583133, -3.4375, -4.84375), (0.701713, -4.0625, -5.51506)], 3.943628129082061), ([(25.0, 5.0, -7.5), (23.1534, 5.0, -7.68252), (25.0, 3.56728, -6.97829), (23.3905, 3.74871, -6.61937)], 0.027772151961915015), ([(-25.0, 5.0, -7.5), (-25.0, 3.0537, -7.44545), (-23.4761, 5.0, -7.33991), (-23.1098, 3.49455, -6.84049)], 0.02946760144569965)]
015 160	Success : [([(-25.0, -3.75, -0.591826), (-25.0, -3.68365, -0.591826), (-24.9059, -3.71683, -0.608413), (-25.0, -3.7366, -0.670831)], 0.23832791074482904), ([(-25.0, -5.0, -0.591826), (-25.0, -4.93365, -0.591826), (-24.9059, -5.0, -0.608413), (-25.0, -5.0, -0.667639)], 2.4679813390123115), ([(25.0, 5.0, -0.591826), (25.0, 4.93365, -0.591826), (24.9059, 5.0, -0.608413), (25.0, 5.0, -0.667639)], 0.04910110686271485), ([(24.7886, -5.0, -1.10791), (24.8594, -5.0, -0.966813), (25.0, -5.0, -1.0467), (25.0, -4.86199, -1.12252)], 0.04028149362501734)]
016 010	Failure
016 020	Failure
016 030	Failure
016 040	Failure
016 050	Success : [([(-0.145721, 0.625, -4.6875), (0.0, 0.625, -5.0), (-0.383426, 0.297296, -5.27541), (-0.446185, 0.658152, -5.01783)], 0.524179840250939), ([(0.0, -1.875, -5.0), (0.145721, -1.875, -4.6875), (0.626979, -1.88408, -4.72169), (0.270015, -1.71875, -5.30392)], 40.75586595858254), ([(-0.700304, -4.502, -4.75588), (-0.489689, -4.04805, -5.03812), (-0.369658, -4.53125, -4.98215), (-0.823283, -4.53107, -5.28845)], 0.04146762358238774), ([(-0.145721, 4.375, -4.6875), (0.0, 4.375, -5.0), (0.0, 4.0625, -5.0), (-0.287064, 4.21875, -5.26406)], 0.0513528479142793)]
016 060	Success : [([(0.0, 4.375, -5.0), (-0.180422, 4.375, -4.6875), (-0.201262, 4.21875, -5.37254), (-0.292834, 3.90625, -5.18073)], 0.5411549768486935), ([(0.180422, -3.125, -4.6875), (0.0, -3.125, -5.0), (0.592824, -2.88409, -5.13393), (0.616647, -3.06532, -4.73102)], 28.94378935087937), ([(0.180422, -4.375, -4.6875), (0.0, -4.375, -5.0), (0.0, -4.0625, -5.0), (0.282021, -4.21875, -5.22036)], 0.053582356808214396), ([(0.0, 4.375, -5.0), (-0.180422, 4.375, -4.6875), (-0.201262, 4.21875, -5.37254), (-0.292834, 3.90625, -5.18073)], 0.07116121780165864)]
016 070	Success : [([(0.218815, 2.5, -4.6875), (0.0, 2.5, -5.0), (0.52856, 2.45919, -5.29582), (0.154778, 2.34375, -5.32482)], 1.2676763718932171), ([(-0.345506, 4.6875, -4.50657), (-0.547037, 4.6875, -4.21875), (-0.643263, 4.47449, -4.75184), (-0.827755, 4.39192, -4.41531)], 212.64899255920471), ([(0.0, -3.75, -5.0), (-0.218815, -3.75, -4.6875), (0.0, -3.4375, -5.0), (-0.207383, -3.59375, -5.33473)], 0.04813516869495318), ([(0.0, 4.375, -5.0), (0.218815, 4.375, -4.6875), (0.605451, 3.94679, -5.19108), (0.498212, 4.49007, -5.2138)], 0.036015757552621326)]
016 080	Success : [([(0.0, 3.75, -5.0), (0.262219, 3.75, -4.6875), (0.262094, 3.59375, -5.25865), (0.361671, 3.90625, -5.03721)], 1.5566737140862243), ([(0.484806, -5.0, -5.14054), (0.262219, -4.375, -4.6875), (0.704374, -4.43754, -4.79225), (0.0, -4.6875, -5.0)], 42.18696302116418), ([(0.262219, -4.375, -4.6875), (0.0, -4.375, -5.0), (0.0, -4.0625, -5.0), (0.207533, -4.21875, -5.34837)], 0.04740087271685617), ([(-0.262219, 3.75, -4.6875), (0.0, 3.75, -5.0), (-0.407101, 3.28125, -5.11581), (-0.205516, 3.59375, -5.36722)], 0.04703126712590963)]
016 090	Success : [([(0.0, -1.25, -5.0), (-0.3125, -1.25, -4.6875), (-0.529624, -1.13678, -5.21712), (-0.232011, -1.5625, -5.38104)], 0.5731184392404244), ([(0.3125, 4.375, -4.6875), (0.0, 4.375, -5.0), (0.3125, 5.0, -4.6875), (0.465829, 4.5147, -5.1891)], 19.026261159525813), ([(0.3125, -4.375, -4.6875), (0.3125, -5.0, -4.6875), (0.0, -5.0, -5.0), (0.457194, -5.0, -5.27165)], 0.04258000523467558), ([(0.0, 3.75, -5.0), (0.3125, 3.75, -4.6875), (0.462162, 4.0625, -5.52759), (0.465829, 4.5147, -5.1891)], 0.03621507930945755)]
016 100	Success : [([(22.4878, 0.294326, -8.34661), (22.2381, 3.18471, -10.3593), (23.2657, 2.24477, -8.16083), (21.9212, 1.05793, -11.2941)], 0.22382582570198792), ([(-0.372423, 4.375, -4.6875), (-0.372423, 5.0, -4.6875), (0.0, 5.0, -5.0), (-0.73684, 5.0, -5.25404)], 15.203921327104897), ([(0.0, -5.0, -5.0), (-0.372423, -5.0, -4.6875), (0.0, -4.375, -5.0), (-0.49426, -5.0, -5.41064)], 0.038625222511744516), ([(-0.372423, 4.375, -4.6875), (-0.372423, 5.0, -4.6875), (0.0, 5.0, -5.0), (-0.73684, 5.0, -5.25404)], 0.0359425975742266)]
016 110	Success : [([(25.0, -5.0, -7.875), (25.0, -5.0, -9.1875), (23.8905, -5.0, -8.46516), (23.582, -3.48163, -9.01391)], 0.22466197001576171), ([(0.0, -5.0, -5.0), (-0.446296, -5.0, -4.6875), (0.0, -4.375, -5.0), (-0.569642, -5.0, -5.30707)], 16.1641919476624), ([(0.0, -5.0, -5.0), (-0.446296, -5.0, -4.6875), (0.0, -4.375, -5.0), (-0.569642, -5.0, -5.30707)], 0.03792812860130856), ([(0.0, 4.375, -5.0), (-0.446296, 3.75, -4.6875), (-0.446296, 4.375, -4.6875), (-0.594469, 4.39326, -5.37405)], 0.03350821302410948)]
016 120	Success : [([(25.0, -5.0, -19.6875), (25.0, -3.45651, -19.0312), (23.1341, -5.0, -19.0525), (23.7716, -3.69515, -18.2599)], 0.24163738950410799), ([(-0.541266, -2.5, -4.6875), (0.0, -1.875, -5.0), (0.0, -2.5, -5.0), (-0.589884, -2.8125, -5.39671)], 10.54509252309833), ([(25.0, 3.2982, -1.68177), (25.0, 5.0, -2.625), (23.6215, 5.0, -3.43146), (22.8045, 3.07062, -1.95931)], 0.027189871248422638), ([(25.0, -5.0, -19.6875), (25.0, -3.45651, -19.0312), (23.1341, -5.0, -19.0525), (23.7716, -3.69515, -18.2599)], 0.031064283656146007)]
016 130	Success : [([(25.0, -5.0, -11.8125), (25.0, -2.62915, -11.9657), (25.0, -3.42855, -13.3348), (23.6909, -5.0, -12.4688)], 0.22223297372055573), ([(0.0, 3.75, -5.0), (0.670158, 3.75, -4.6875), (0.0, 3.125, -5.0), (0.395554, 3.4375, -5.42957)], 9.027961017735636), ([(-21.875, -5.0, -21.0), (-23.4375, -5.0, -21.0), (-23.3141, -5.0, -19.2668), (-23.3344, -3.26952, -21.0)], 0.024985639854492418), ([(-25.0, 3.30496, -10.7569), (-22.6931, 5.0, -10.678), (-23.4507, 5.0, -12.0501), (-23.789, 5.0, -9.84375)], 0.026667313989078432)]
016 140	Success : [([(25.0, 5.0, -17.0625), (23.0442, 5.0, -16.6243), (25.0, 3.27105, -16.8205), (23.467, 3.43344, -16.0685)], 0.1725679803955844), ([(0.0, -5.0, -5.0), (0.0, -4.375, -5.0), (0.429293, -5.0, -4.84375), (0.34343, -5.0, -5.46029)], 7.352472686783135), ([(25.0, 5.0, -17.0625), (23.0442, 5.0, -16.6243), (25.0, 3.27105, -16.8205), (23.467, 3.43344, -16.0685)], 0.03192994178643876), ([(-15.6341, 5.0, -18.9058), (-18.7649, 5.0, -18.2912), (-16.4686, 3.09805, -19.1596), (-17.8051, 3.40945, -17.8227)], 0.024187264761698458)]
016 150	Success : [([(23.1006, 5.0, -16.5032), (23.1157, 3.89836, -15.7258), (21.833, 5.0, -17.0104), (21.7228, 3.36144, -17.5434)], 0.1836374942753761), ([(0.0, -0.625, -5.0), (-0.583133, -0.3125, -4.84375), (-0.601948, -0.737019, -5.5437), (-0.583133, -1.52437, -4.84375)], 3.881212330891444), ([(-14.3508, -5.0, -12.3566), (-14.5126, -5.0, -14.4589), (-15.9488, -2.64359, -11.7334), (-15.5215, -2.04017, -14.7898)], 0.02783394096743579), ([(-15.309, 5.0, -17.8363), (-16.1966, 5.0, -14.7703), (-16.8913, 5.0, -16.6329), (-15.29, 3.20849, -16.1693)], 0.025177226188399543)]
016 160	Success : [([(-25.0, -4.375, -0.591826), (-25.0, -4.30865, -0.591826), (-24.8976, -4.31761, -0.609873), (-25.0, -4.34183, -0.69341)], 0.44063293992258074), ([(-25.0, -4.90544, -0.830984), (-24.8789, -5.0, -0.860062), (-25.0, -5.0, -0.830984), (-24.9013, -4.89034, -0.889414)], 4.860004559144261), ([(25.0, 5.0, -0.910703), (24.851, 5.0, -0.769931), (25.0, 4.8333, -0.914395), (24.8765, 4.84373, -0.739178)], 0.05287216581540896), ([(25.0, -5.0, -1.22958), (24.7435, -5.0, -1.17628), (25.0, -4.68941, -1.40031), (24.6422, -5.0, -1.4326)], 0.04056005395673786)]
017 010	Failure
017 020	Success : [([(0.0, 5.0, -5.0), (-0.0551022, 5.0, -4.6875), (-0.464934, 5.0, -5.07068), (0.0, 4.6875, -5.0)], 2.0619611593883143), ([(0.0551022, 1.875, -4.6875), (0.0, 1.875, -5.0), (0.626283, 1.69927, -4.94932), (0.402344, 1.68952, -4.58762)], 32.397973188654746), ([(0.0, -4.375, -5.0), (-0.0551022, -4.375, -4.6875), (0.0, -4.0625, -5.0), (-0.291023, -4.21875, -5.0722)], 0.058643653446728575), ([(0.0, 5.0, -5.0), (-0.0551022, 5.0, -4.6875), (-0.464934, 5.0, -5.07068), (0.0, 4.6875, -5.0)], 0.04345262618141739)]
017 030	Failure
017 040	Failure
017 050	Failure
017 060	Failure
017 070	Success : [([(-0.218815, 0.625, -4.6875), (0.0, 0.625, -5.0), (-0.646623, 0.350408, -5.10731), (-0.419246, 0.78125, -5.2087)], 0.8308468288880628), ([(-0.218815, 5.0, -4.6875), (0.0, 5.0, -5.0), (0.0, 4.6875, -5.0), (-0.387844, 5.0, -5.03871)], 28.606358416411872), ([(-0.218815, -5.0, -4.6875), (0.0, -4.375, -5.0), (0.0, -5.0, -5.0), (-0.47757, -5.0, -5.01382)], 0.03979691298570656), ([(0.0, 3.75, -5.0), (-0.218815, 3.125, -4.6875), (-0.218815, 3.75, -4.6875), (-0.455621, 3.79897, -5.08617)], 0.03618627531416711)]
017 080	Success : [([(0.0, -3.75, -5.0), (0.262219, -3.75, -4.6875), (0.410095, -4.21875, -5.07785), (0.18418, -3.90625, -5.31578)], 0.28177156174372886), ([(-0.262219, -5.0, -4.6875), (0.0, -5.0, -5.0), (-0.476245, -5.0, -5.27712), (-0.491466, -4.64179, -4.9678)], 23.420924755688237), ([(-0.262219, -5.0, -4.6875), (0.0, -5.0, -5.0), (-0.476245, -5.0, -5.27712), (-0.491466, -4.64179, -4.9678)], 0.04622385909613224), ([(-0.262219, 4.375, -4.6875), (-0.262219, 5.0, -4.6875), (0.0, 5.0, -5.0), (-0.563106, 5.0, -5.20624)], 0.040321128800089416)]
017 090	Success : [([(-0.3125, 1.25, -4.6875), (0.0, 1.25, -5.0), (-0.433073, 0.631375, -5.12057), (-0.189965, 0.991027, -5.35529)], 0.35658927651303535), ([(-0.3125, -5.0, -4.6875), (0.0, -5.0, -5.0), (-0.476702, -5.0, -5.19585), (-0.664354, -4.6083, -4.95192)], 24.817294899138766), ([(-0.3125, -5.0, -4.6875), (0.0, -5.0, -5.0), (-0.476702, -5.0, -5.19585), (-0.664354, -4.6083, -4.95192)], 0.041382163810684186), ([(-0.3125, 4.375, -4.6875), (-0.3125, 5.0, -4.6875), (0.0, 5.0, -5.0), (-0.492247, 5.0, -5.17975)], 0.0365279657148985)]
017 100	Success : [([(25.0, 5.0, -8.25), (22.8258, 5.0, -7.50294), (25.0, 3.60566, -9.06183), (23.5718, 2.71059, -8.3767)], 0.22619745303034072), ([(0.372423, 5.0, -4.6875), (0.0, 4.375, -5.0), (0.0, 5.0, -5.0), (0.46899, 5.0, -5.18075)], 17.825745545203205), ([(-0.372423, -5.0, -4.6875), (0.0, -5.0, -5.0), (-0.784405, -5.0, -5.28004), (-0.526208, -4.47051, -5.24894)], 0.03266959458176364), ([(0.372423, 5.0, -4.6875), (0.0, 4.375, -5.0), (0.0, 5.0, -5.0), (0.46899, 5.0, -5.18075)], 0.032536469206454345)]
017 110	Success : [([(25.0, -3.75, -22.0), (23.4375, -5.0, -22.0), (25.0, -5.0, -20.625), (23.4701, -5.0, -20.4618)], 0.6392213503835334), ([(0.0, 4.375, -5.0), (0.0, 5.0, -5.0), (0.446296, 5.0, -4.6875), (0.563075, 5.0, -5.25845)], 15.517449460104551), ([(0.0, -4.375, -5.0), (-0.446296, -4.375, -4.6875), (0.0, -3.75, -5.0), (-0.602514, -4.30824, -5.38554)], 0.030825945467302374), ([(0.0, 4.375, -5.0), (0.0, 5.0, -5.0), (0.446296, 5.0, -4.6875), (0.563075, 5.0, -5.25845)], 0.032414794543392245)]
017 120	Success : [([(19.8938, -5.0, -5.02546), (20.3963, -5.0, -2.51107), (21.0114, -3.48259, -4.52453), (19.2369, -5.0, -3.58678)], 0.17238489659895498), ([(0.541266, -4.375, -4.6875), (0.541266, -5.0, -4.6875), (0.0, -5.0, -5.0), (0.512399, -5.0, -5.23747)], 11.274563707891232), ([(0.0, -4.375, -5.0), (0.541266, -3.75, -4.6875), (0.541266, -4.375, -4.6875), (0.615032, -4.34384, -5.51675)], 0.028298660343122253), ([(0.0, 4.375, -5.0), (-0.541266, 3.75, -4.6875), (-0.541266, 4.375, -4.6875), (-0.657252, 4.14702, -5.51339)], 0.028498515179380398)]
017 130	Success : [([(22.5951, -5.0, -19.6677), (23.2666, -3.18484, -22.0), (23.3003, -2.13149, -20.2034), (23.5669, -3.45192, -19.1806)], 0.2716864994529343), ([(0.0, 3.125, -5.0), (0.0, 2.5, -5.0), (-0.670158, 2.5, -4.6875), (-0.582289, 2.45134, -5.37389)], 8.507231814565198), ([(-20.4505, -5.0, -15.8708), (-19.5312, -5.0, -18.1778), (-21.0564, -5.0, -17.4489), (-19.9508, -2.89287, -17.0955)], 0.025233403585766766), ([(-17.9688, 5.0, -18.6035), (-19.668, 5.0, -17.6825), (-19.1863, 2.63806, -18.8218), (-19.6157, 3.03773, -16.7121)], 0.025161694172249217)]
017 140	Success : [([(25.0, 5.0, -11.0), (25.0, 3.2072, -11.8398), (25.0, 3.73163, -10.6258), (23.7409, 5.0, -11.6875)], 0.27363332469312907), ([(0.0, 4.375, -5.0), (0.0, 5.0, -5.0), (0.429293, 5.0, -4.84375), (0.458337, 5.0, -5.32521)], 11.225360338001586), ([(-21.732, -5.0, -17.3555), (-22.9793, -5.0, -15.6736), (-22.8629, -3.00865, -17.3652), (-23.416, -5.0, -17.3009)], 0.02657018727668286), ([(-19.6829, 2.6324, -22.0), (-20.3125, 5.0, -22.0), (-21.5041, 5.0, -20.4168), (-20.9698, 3.06758, -19.4575)], 0.025661243115599443)]
017 150	Success : [([(23.4375, 5.0, -22.0), (23.0036, 5.0, -19.9346), (23.2666, 3.18484, -22.0), (23.3701, 3.26381, -19.6824)], 0.16354513061733678), ([(0.0, 4.375, -5.0), (0.0, 5.0, -5.0), (0.583133, 5.0, -4.84375), (0.507209, 5.0, -5.44535)], 3.940891047734875), ([(-22.7229, -5.0, -8.99042), (-22.4031, -5.0, -11.3325), (-23.5846, -5.0, -10.301), (-22.728, -2.90594, -10.5122)], 0.022404747651683626), ([(-15.7298, 5.0, -13.8581), (-15.2584, 5.0, -10.9436), (-16.8269, 5.0, -12.1852), (-14.5781, 2.5198, -12.785)], 0.026320757971311975)]
017 160	Success : [([(23.6583, 5.0, -18.6188), (25.0, 2.3533, -19.3572), (25.0, 3.40727, -20.4906), (25.0, 3.37314, -18.0857)], 0.41388582708221633), ([(-25.0, -5.0, -0.591826), (-25.0, -4.93365, -0.591826), (-24.9059, -5.0, -0.608413), (-25.0, -5.0, -0.675451)], 2.6801968453414013), ([(25.0, 5.0, -0.591826), (25.0, 4.93365, -0.591826), (24.9059, 5.0, -0.608413), (25.0, 5.0, -0.675451)], 0.04441436265408297), ([(25.0, -4.82698, -1.05153), (25.0, -5.0, -0.926328), (25.0, -4.8224, -0.805169), (24.7255, -5.0, -0.888296)], 0.04031534049456544)]
018 010	Failure
018 020	Failure
018 030	Success : [([(0.0837341, 4.375, -4.6875), (0.0, 4.375, -5.0), (0.0, 4.6875, -5.0), (0.453526, 4.53125, -5.12944)], 3.048466971115646), ([(-0.0837341, 5.0, -4.6875), (0.0, 5.0, -5.0), (-0.0809296, 4.6875, -4.69797), (-0.41978, 5.0, -4.94501)], 23.182147087737608), ([(-0.0837341, -4.375, -4.6875), (0.0, -4.6875, -5.0), (-0.451245, -4.53125, -5.24196), (-0.343154, -4.21875, -5.05314)], 0.06700048760071377), ([(0.0, 4.6875, -5.0), (0.0, 5.0, -5.0), (-0.29813, 5.0, -5.44718), (-0.41978, 5.0, -4.94501)], 0.04885361200143942)]
018 040	Failure
018 050	Failure
018 060	Failure
018 070	Failure
018 080	Success : [([(0.262219, 1.25, -4.6875), (0.0, 1.25, -5.0), (0.234346, 1.40625, -5.2642), (0.34345, 1.09375, -5.02193)], 0.33216249548025484), ([(-0.262219, 1.875, -4.6875), (0.0, 2.5, -5.0), (0.0, 1.875, -5.0), (-0.478422, 1.90406, -5.13518)], 22.85915754574852), ([(0.0, -5.0, -5.0), (-0.262219, -5.0, -4.6875), (-0.744784, -4.53632, -4.82616), (-0.475225, -5.0, -5.49493)], 0.04203396225245474), ([(0.0, 5.0, -5.0), (-0.262219, 5.0, -4.6875), (-0.308293, 5.0, -5.35691), (-0.346669, 4.53125, -5.02463)], 0.04633188377992667)]
018 090	Success : [([(0.3125, 0.625, -4.6875), (0.0, 0.625, -5.0), (0.608861, 0.856755, -5.29636), (0.254528, 0.539411, -5.44534)], 0.6764818586625883), ([(0.3125, 5.0, -4.6875), (0.0, 5.0, -5.0), (0.456105, 5.0, -5.1436), (0.0, 4.6875, -5.0)], 31.26359236978624), ([(0.0, -5.0, -5.0), (-0.3125, -5.0, -4.6875), (0.0, -4.375, -5.0), (-0.500633, -5.0, -5.24233)], 0.05085043576933837), ([(0.3125, 4.375, -4.6875), (0.0, 4.375, -5.0), (0.0, 4.6875, -5.0), (0.337109, 4.53125, -5.29168)], 0.040129104404596425)]
018 100	Success : [([(0.0, 1.875, -5.0), (-0.372423, 1.875, -4.6875), (-1.00787, 1.46937, -5.06663), (-0.544587, 1.10078, -5.27084)], 0.18503071924102224), ([(0.0, -5.0, -5.0), (-0.372423, -5.0, -4.6875), (0.0, -4.375, -5.0), (-0.62502, -5.0, -5.3667)], 16.643180094078897), ([(0.0, -5.0, -5.0), (-0.372423, -5.0, -4.6875), (0.0, -4.375, -5.0), (-0.62502, -5.0, -5.3667)], 0.042313892954626044), ([(-0.372423, 5.0, -4.6875), (0.0, 5.0, -5.0), (-0.847188, 4.37754, -5.20487), (-0.422791, 5.0, -5.63097)], 0.037410877193714026)]
018 110	Failure
018 120	Success : [([(25.0, -2.44793, -15.8154), (25.0, -3.61015, -16.7352), (25.0, -3.3527, -14.4374), (23.01, -5.0, -14.9267)], 0.19727702003895742), ([(0.0, -5.0, -5.0), (-0.541266, -5.0, -4.6875), (0.0, -4.375, -5.0), (-0.520869, -5.0, -5.59724)], 12.549125421075884), ([(-22.19, -5.0, -11.3885), (-23.0267, -5.0, -9.5211), (-25.0, -3.44142, -10.7812), (-23.5643, -5.0, -12.2188)], 0.03400081271799249), ([(0.0, 5.0, -5.0), (0.541266, 5.0, -4.6875), (0.0, 4.375, -5.0), (0.556661, 5.0, -5.33917)], 0.027570997931467767)]
018 130	Success : [([(-22.7179, 5.0, -11.0729), (-25.0, 5.0, -11.5), (-25.0, 3.1835, -11.2279), (-23.1441, 3.12948, -10.3975)], 0.1565492671192363), ([(0.670158, 5.0, -4.6875), (0.0, 4.375, -5.0), (0.0, 5.0, -5.0), (0.876851, 5.0, -5.26819)], 8.750385181570444), ([(-0.670158, -5.0, -4.6875), (-1.34032, -5.0, -4.375), (-0.670158, -4.375, -4.6875), (-1.27985, -5.0, -5.12015)], 0.026672721072740213), ([(-22.7179, 5.0, -11.0729), (-25.0, 5.0, -11.5), (-25.0, 3.1835, -11.2279), (-23.1441, 3.12948, -10.3975)], 0.03081836052915859)]
018 140	Success : [([(25.0, -5.0, -18.6875), (23.2901, -5.0, -18.9186), (25.0, -3.74127, -17.6581), (23.3868, -3.4012, -18.2278)], 0.2433730165856519), ([(0.0, 2.5, -5.0), (0.0, 3.125, -5.0), (0.429293, 2.8125, -4.84375), (0.0257643, 2.8125, -5.57909)], 6.860746874777307), ([(-22.7282, -5.0, -16.0754), (-25.0, -5.0, -15.8125), (-25.0, -3.35092, -15.8075), (-23.2212, -3.17092, -16.6727)], 0.034051533407597076), ([(-21.0067, 5.0, -9.641), (-17.9459, 5.0, -9.475), (-19.4972, 2.86432, -9.17189), (-20.4113, 3.50842, -10.8229)], 0.027909067278018947)]
018 150	Success : [([(25.0, -2.54581, -12.2594), (22.667, -5.0, -13.0819), (25.0, -3.36044, -13.7957), (23.2917, -5.0, -11.4918)], 0.21099242933238704), ([(0.0, 0.625, -5.0), (0.0, 1.25, -5.0), (0.583133, 0.350628, -4.84375), (1.14089, 0.9375, -5.37098)], 5.028262469067071), ([(-19.0612, -5.0, -15.5713), (-20.0317, -5.0, -12.8742), (-18.7904, -5.0, -13.9507), (-20.371, -3.25744, -14.5194)], 0.027465622019414073), ([(-23.1509, 2.95132, -5.62311), (-22.7761, 5.0, -5.35551), (-20.9487, 3.64693, -4.30486), (-21.3743, 5.0, -4.87459)], 0.0237798028659638)]
018 160	Success : [([(-25.0, 3.125, -0.591826), (-25.0, 3.19135, -0.591826), (-24.9059, 3.15028, -0.608413), (-25.0, 3.15817, -0.680455)], 0.2446133674483116), ([(-25.0, -5.0, -0.591826), (-25.0, -4.93365, -0.591826), (-24.9059, -5.0, -0.608413), (-25.0, -5.0, -0.679357)], 4.301322380993082), ([(25.0, 5.0, -0.591826), (25.0, 4.93365, -0.591826), (24.9059, 5.0, -0.608413), (25.0, 5.0, -0.679357)], 0.04453012299686705), ([(25.0, -5.0, -1.11702), (25.0, -5.0, -0.941953), (25.0, -4.84581, -1.11475), (24.8555, -5.0, -1.02948)], 0.043530132144817484)]
019 010	Failure
019 020	Success : [([(0.0, 5.0, -5.0), (0.0551022, 5.0, -4.6875), (0.435319, 4.53116, -4.91565), (0.331451, 5.0, -4.57512)], 2.0470176131228084), ([(-0.0551022, -3.125, -4.6875), (0.0, -3.4375, -5.0), (-0.526212, -3.23532, -5.13255), (-0.329727, -2.96875, -4.89703)], 19.163803523966138), ([(0.0551022, -5.0, -4.6875), (0.0, -5.0, -5.0), (0.0, -4.6875, -5.0), (0.269879, -5.0, -4.88648)], 0.05406140851310017), ([(0.0551022, 4.375, -4.6875), (0.0, 4.375, -5.0), (0.399012, 4.0625, -4.90925), (0.0826533, 4.0625, -4.53125)], 0.044167262292226124)]
019 030	Failure
019 040	Failure
019 050	Success : [([(0.529895, -5.0, -4.97393), (0.145721, -5.0, -4.6875), (0.417468, -4.55892, -5.00444), (0.0, -4.6875, -5.0)], 1.2969651256051569), ([(-0.145721, 0.625, -4.6875), (-0.218582, 0.9375, -4.53125), (-0.576578, 1.12737, -4.67031), (-0.555343, 0.474527, -4.68828)], 148.23320578378392), ([(0.0, -5.0, -5.0), (0.145721, -5.0, -4.6875), (0.529895, -5.0, -4.97393), (0.0, -4.6875, -5.0)], 0.04184640952407626), ([(0.145721, 4.375, -4.6875), (0.0, 4.375, -5.0), (0.31693, 5.0, -4.95756), (0.449401, 4.557, -5.22955)], 0.04591519113322191)]
019 060	Failure
019 070	Failure
019 080	Success : [([(0.0, -4.375, -5.0), (-0.262219, -4.375, -4.6875), (-0.296111, -4.0625, -5.21968), (-0.575736, -4.18404, -4.9608)], 0.4083892884610834), ([(0.0, -5.0, -5.0), (-0.262219, -5.0, -4.6875), (0.0, -4.6875, -5.0), (-0.426006, -4.53125, -5.0912)], 20.89250080644665), ([(0.0, -4.375, -5.0), (-0.262219, -4.375, -4.6875), (0.0, -3.75, -5.0), (-0.296111, -4.0625, -5.21968)], 0.047504873470871394), ([(0.0, 4.375, -5.0), (-0.262219, 4.375, -4.6875), (-0.354011, 4.53125, -5.29313), (-0.367173, 4.21875, -5.04183)], 0.044645652941593325)]
019 090	Success : [([(0.0, 1.25, -5.0), (-0.3125, 1.25, -4.6875), (-0.510976, 1.34669, -5.19848), (-0.161575, 1.09375, -5.3176)], 0.342964698528799), ([(0.0, 3.75, -5.0), (0.0, 3.4375, -5.0), (-0.15625, 3.59375, -4.84375), (-0.285293, 3.53494, -5.14836)], 22.308718253581063), ([(0.0, -5.0, -5.0), (-0.3125, -5.0, -4.6875), (0.0, -4.375, -5.0), (-0.549405, -5.0, -5.17811)], 0.03894453098931222), ([(0.0, 4.0625, -5.0), (0.0, 3.75, -5.0), (-0.15625, 3.90625, -4.84375), (-0.290598, 4.053, -5.17827)], 0.042011354471822256)]
019 100	Success : [([(0.0, -3.125, -5.0), (-0.372423, -3.125, -4.6875), (-0.358743, -2.8125, -5.5823), (-0.90098, -3.07158, -4.93924)], 0.18494366726500802), ([(0.372423, 5.0, -4.6875), (0.0, 4.375, -5.0), (0.0, 5.0, -5.0), (0.532751, 5.0, -5.34722)], 16.832446640700244), ([(0.0, -5.0, -5.0), (-0.372423, -5.0, -4.6875), (0.0, -4.375, -5.0), (-0.706087, -5.0, -5.35592)], 0.03461433296135067), ([(-0.372423, 4.375, -4.6875), (0.0, 4.375, -5.0), (0.0, 4.0625, -5.0), (-0.219367, 4.21875, -5.23212)], 0.0409041059076653)]
019 110	Success : [([(23.0925, -5.0, -14.4757), (25.0, -5.0, -13.5), (25.0, -3.82037, -14.1319), (23.6451, -5.0, -13.2036)], 0.20999883684567877), ([(0.0, 4.375, -5.0), (0.0, 5.0, -5.0), (0.446296, 5.0, -4.6875), (0.529109, 5.0, -5.47102)], 13.162307181329382), ([(-22.2323, -5.0, -21.2445), (-25.0, -5.0, -21.0), (-25.0, -3.57352, -20.2627), (-22.8639, -2.85706, -20.7104)], 0.03589950195262742), ([(0.0, 4.375, -5.0), (0.0, 5.0, -5.0), (0.446296, 5.0, -4.6875), (0.529109, 5.0, -5.47102)], 0.03133121302611982)]
019 120	Success : [([(-18.5817, -2.83407, -21.7251), (-19.4923, -2.55495, -24.0), (-21.7962, -2.9288, -22.0113), (-20.3203, -2.46876, -20.5287)], 0.17123745254865877), ([(0.0, -5.0, -5.0), (-0.541266, -5.0, -4.6875), (0.0, -4.375, -5.0), (-0.85172, -5.0, -5.30338)], 16.63857186003123), ([(0.0, -5.0, -5.0), (-0.541266, -5.0, -4.6875), (0.0, -4.375, -5.0), (-0.85172, -5.0, -5.30338)], 0.034204848847830045), ([(0.0, 5.0, -5.0), (-0.541266, 4.375, -4.6875), (-0.541266, 5.0, -4.6875), (-0.677012, 5.0, -5.54762)], 0.02932805528210979)]
019 130	Success : [([(23.2078, 5.0, -18.8884), (25.0, 1.87447, -18.2651), (25.0, 3.15192, -19.6046), (25.0, 3.13596, -16.849)], 0.33589717227327814), ([(0.0, 3.125, -5.0), (-0.670158, 3.125, -4.6875), (0.0, 3.75, -5.0), (-0.747058, 2.8125, -5.37732)], 8.54810001858291), ([(25.0, 0.0557132, -13.7621), (25.0, 1.70254, -12.6471), (22.8339, -0.289908, -14.7471), (23.1203, 2.33672, -12.0371)], 0.03037485543944037), ([(25.0, 0.0557132, -13.7621), (25.0, 1.70254, -12.6471), (22.8339, -0.289908, -14.7471), (23.1203, 2.33672, -12.0371)], 0.026211008650520628)]
019 140	Success : [([(22.9283, 5.0, -14.0624), (25.0, 1.84815, -14.6765), (25.0, 3.16101, -16.0429), (25.0, 3.01586, -12.9946)], 0.17173445042263794), ([(0.0, -5.0, -5.0), (-0.858587, -5.0, -4.6875), (0.0, -4.375, -5.0), (-0.514708, -5.0, -5.59242)], 7.640806963253423), ([(0.0, -5.0, -5.0), (-0.858587, -5.0, -4.6875), (0.0, -4.375, -5.0), (-0.514708, -5.0, -5.59242)], 0.025982562002077915), ([(-14.3702, 5.0, -11.0886), (-14.9214, 5.0, -7.68038), (-16.1741, 5.0, -9.63168), (-14.4599, 2.71223, -9.35442)], 0.02817488148221058)]
019 150	Success : [([(-20.2468, -5.0, -21.5546), (-17.9688, -5.0, -20.6633), (-18.6875, -5.0, -22.183), (-19.1512, -3.60858, -21.0848)], 0.16452583268180107), ([(0.0, -1.875, -5.0), (0.0, -2.5, -5.0), (-0.583133, -1.60063, -4.84375), (-1.07653, -2.1875, -5.399)], 4.3415382557732825), ([(-25.0, -5.0, -18.0), (-22.7766, -5.0, -17.6182), (-25.0, -2.46697, -18.1548), (-22.7799, -2.62567, -17.2496)], 0.03014725807439708), ([(-18.275, 5.0, -17.25), (-15.7736, 5.0, -17.4309), (-16.9261, 5.0, -15.9827), (-16.5765, 2.66233, -16.8872)], 0.023665730704209978)]
019 160	Success : [([(-25.0, -4.88147, -0.714232), (-25.0, -5.0, -0.774702), (-24.8721, -5.0, -0.691774), (-25.0, -5.0, -0.683264)], 0.4308183258502591), ([(-25.0, 2.5, -0.591826), (-24.9059, 2.50403, -0.608413), (-25.0, 2.4238, -0.686108), (-24.9199, 2.46743, -0.690898)], 5.549096283810545), ([(24.8774, 5.0, -0.889897), (25.0, 5.0, -0.957578), (25.0, 4.90332, -0.96162), (24.889, 5.0, -1.00771)], 0.04939773093723638), ([(25.0, -5.0, -1.68908), (25.0, -4.72178, -1.87196), (24.5708, -5.0, -1.65846), (24.7973, -5.0, -1.50621)], 0.04194142663668345)]
020 010	Failure
020 020	Failure
020 030	Success : [([(0.0837341, 5.0, -4.6875), (0.0, 5.0, -5.0), (0.453572, 5.0, -5.12991), (0.441103, 4.61498, -4.86699)], 1.3247938102425598), ([(0.0837341, -5.0, -4.6875), (0.0, -5.0, -5.0), (0.0, -4.6875, -5.0), (0.346213, -5.0, -4.9253)], 27.690812780540696), ([(-0.0837341, -5.0, -4.6875), (0.0, -5.0, -5.0), (-0.395206, -5.0, -5.15064), (0.0, -4.6875, -5.0)], 0.050509894548216985), ([(-0.0837341, 4.375, -4.6875), (0.0, 4.375, -5.0), (-0.465871, 4.03185, -4.95736), (-0.472807, 4.53125, -5.16189)], 0.05386639505299663)]
020 040	Failure
020 050	Failure
020 060	Success : [([(0.180422, -2.5, -4.6875), (0.0, -2.5, -5.0), (0.257348, -2.34375, -5.23729), (0.362577, -2.65625, -5.01931)], 1.1330743814328343), ([(-0.180422, 5.0, -4.6875), (0.0, 5.0, -5.0), (0.0, 4.6875, -5.0), (-0.431403, 5.0, -5.04074)], 24.343261502879255), ([(-0.180422, -5.0, -4.6875), (0.0, -5.0, -5.0), (-0.475059, -5.0, -5.06594), (-0.409595, -4.55722, -5.02815)], 0.050334922233752376), ([(0.0, 3.75, -5.0), (0.180422, 3.75, -4.6875), (0.0, 3.4375, -5.0), (0.279382, 3.59375, -5.30569)], 0.044220072726579726)]
020 070	Success : [([(0.218815, -4.375, -4.6875), (0.0, -4.6875, -5.0), (0.505127, -4.50521, -5.12084), (0.328222, -4.6875, -4.53125)], 0.588260462011514), ([(-0.218815, -3.75, -4.6875), (0.0, -3.75, -5.0), (-0.616469, -3.82178, -5.1988), (-0.664592, -3.67411, -4.76678)], 29.809127558805056), ([(0.0, -4.375, -5.0), (0.218815, -4.375, -4.6875), (0.505127, -4.50521, -5.12084), (0.363374, -3.93816, -4.98967)], 0.043258542220712896), ([(0.218815, 5.0, -4.6875), (0.0, 4.375, -5.0), (0.0, 5.0, -5.0), (0.484974, 5.0, -5.1469)], 0.04564433023877992)]
020 080	Success : [([(0.262219, 0.625, -4.6875), (0.0, 0.625, -5.0), (0.454008, 1.09375, -5.12618), (0.221398, 0.78125, -5.3735)], 0.7749573148358043), ([(0.262219, 5.0, -4.6875), (0.0, 5.0, -5.0), (0.457576, 5.0, -5.11769), (0.472098, 4.49599, -5.12987)], 23.146645186730222), ([(-0.262219, -5.0, -4.6875), (0.0, -5.0, -5.0), (-0.511249, -5.0, -5.1507), (-0.477339, -4.49193, -5.13427)], 0.04407307749730553), ([(0.262219, 5.0, -4.6875), (0.0, 5.0, -5.0), (0.457576, 5.0, -5.11769), (0.472098, 4.49599, -5.12987)], 0.03861656760357528)]
020 090	Success : [([(0.0, 3.125, -5.0), (-0.3125, 3.125, -4.6875), (-0.292749, 2.96875, -5.34282), (-0.386058, 2.65625, -5.07356)], 0.35103592083647966), ([(0.3125, 5.0, -4.6875), (0.0, 4.375, -5.0), (0.0, 5.0, -5.0), (0.447364, 5.0, -5.17344)], 21.7615733944579), ([(0.0, -4.375, -5.0), (-0.3125, -4.375, -4.6875), (0.0, -3.75, -5.0), (-0.449618, -4.32018, -5.13712)], 0.03954350386184689), ([(0.0, 3.125, -5.0), (-0.3125, 3.125, -4.6875), (-0.292749, 2.96875, -5.34282), (-0.386058, 2.65625, -5.07356)], 0.040332444324591835)]
020 100	Success : [([(22.4596, 5.0, -22.4596), (25.0, 5.0, -23.4375), (23.0134, 2.91331, -21.9145), (25.0, 3.125, -23.3029)], 0.2141377562236982), ([(0.372423, 0.625, -4.6875), (0.0, 0.625, -5.0), (0.870319, 0.3125, -4.9027), (0.532785, -0.0205417, -5.25678)], 21.406746948843068), ([(0.0, -5.0, -5.0), (-0.372423, -5.0, -4.6875), (0.0, -4.375, -5.0), (-0.817415, -5.0, -5.4178)], 0.039600557678353465), ([(0.0, 3.75, -5.0), (0.0, 4.375, -5.0), (0.372423, 4.375, -4.6875), (0.575968, 4.39711, -5.30824)], 0.032589394181075225)]
020 110	Success : [([(23.1625, -5.0, -15.8735), (21.353, -5.0, -15.4685), (22.4732, -2.80428, -14.7085), (23.4079, -3.21311, -16.7119)], 0.3068441277511341), ([(0.446296, 4.375, -4.6875), (0.0, 4.375, -5.0), (0.446296, 5.0, -4.6875), (0.566315, 4.36964, -5.33384)], 12.353384557848193), ([(0.0, -5.0, -5.0), (-0.446296, -5.0, -4.6875), (0.0, -4.375, -5.0), (-0.410596, -5.0, -5.47203)], 0.035764274280285634), ([(-0.446296, 4.375, -4.6875), (-0.446296, 5.0, -4.6875), (0.0, 5.0, -5.0), (-0.590428, 5.0, -5.64461)], 0.03071477484266326)]
020 120	Success : [([(23.5716, -5.0, -18.0129), (22.6288, -5.0, -19.3147), (22.5883, -2.65169, -17.7244), (22.7714, -3.11726, -19.5617)], 0.48386681164718937), ([(0.0, 4.375, -5.0), (0.541266, 5.0, -4.6875), (0.541266, 4.375, -4.6875), (0.552605, 4.30388, -5.33214)], 9.210849046863233), ([(-25.0, -5.0, -14.0625), (-25.0, -2.55345, -14.8923), (-23.0433, -5.0, -14.4111), (-23.027, -3.06653, -15.6204)], 0.03759494552817838), ([(0.0, 5.0, -5.0), (-0.541266, 4.375, -4.6875), (-0.541266, 5.0, -4.6875), (-0.139899, 5.0, -5.70968)], 0.029046192614630633)]
020 130	Success : [([(25.0, 5.0, -17.1875), (23.0401, 5.0, -17.2625), (25.0, 3.39269, -14.8867), (23.2644, 5.0, -15.5394)], 0.1699247356139659), ([(0.0, -5.0, -5.0), (-0.670158, -5.0, -4.6875), (0.0, -4.375, -5.0), (-0.952732, -5.0, -5.35296)], 11.527197387793075), ([(-14.9224, -5.0, -13.4368), (-16.2128, -5.0, -15.0089), (-18.0357, -5.0, -13.3833), (-16.3116, -2.409, -13.6122)], 0.02420406140129509), ([(-20.5974, 3.09403, -14.3852), (-20.7034, 5.0, -16.0181), (-18.9563, 5.0, -16.0144), (-19.8284, 2.81404, -16.6942)], 0.026466799376483965)]
020 140	Success : [([(25.0, 3.75, -25.0), (25.0, 5.0, -23.4375), (23.4375, 5.0, -25.0), (25.0, 3.58828, -23.5894)], 0.16958624959206114), ([(-0.858587, -5.0, -4.6875), (-0.429293, -5.0, -4.84375), (-0.763167, -5.0, -5.0932), (-0.415518, -4.53125, -4.84876)], 8.131067492868711), ([(-0.858587, -5.0, -4.6875), (-0.429293, -5.0, -4.84375), (-0.763167, -5.0, -5.0932), (-0.415518, -4.53125, -4.84876)], 0.026535612782765786), ([(-22.9278, 5.0, -12.8928), (-25.0, 5.0, -12.5), (-25.0, 3.69422, -12.5708), (-23.1723, 3.25974, -12.0473)], 0.025899255124134362)]
020 150	Success : [([(25.0, -5.0, -23.4375), (25.0, -3.125, -23.8971), (23.2786, -5.0, -23.2786), (23.3456, -3.22939, -23.2714)], 0.2346946152868819), ([(0.0, -3.125, -5.0), (0.0, -3.75, -5.0), (-0.583133, -3.4375, -4.84375), (-0.288223, -3.4375, -5.48589)], 3.738516970701572), ([(-13.2583, -5.0, -17.4198), (-14.2226, -5.0, -20.6105), (-15.1253, -5.0, -18.5966), (-12.8218, -2.41302, -18.7544)], 0.02429047109626248), ([(-21.9399, 5.0, -14.8378), (-23.1991, 5.0, -13.4169), (-23.2062, 5.0, -16.2568), (-22.94, 2.76573, -13.4038)], 0.028147817493884012)]
020 160	Success : [([(25.0, -5.0, -18.898), (25.0, -2.42229, -19.026), (22.9706, -5.0, -17.1727), (25.0, -3.03976, -17.1526)], 0.16669422875518605), ([(-24.8119, -5.0, -0.625), (-24.9059, -5.0, -0.608413), (-24.8589, -4.89953, -0.616706), (-24.8925, -5.0, -0.734842)], 3.456015359818298), ([(25.0, 5.0, -0.591826), (25.0, 4.93365, -0.591826), (24.9059, 5.0, -0.608413), (25.0, 5.0, -0.68717)], 0.04357616905326859), ([(24.1355, -5.0, -3.01287), (25.0, -4.06103, -2.9825), (25.0, -5.0, -2.88009), (24.3446, -3.93982, -3.35489)], 0.03952360639506228)]
